,BTCUSDT,XLMBTC,IOTABTC,ADABTC,BNBBTC,EOSBTC,XRPBTC,ETHBTC,LTCBTC,ETCBTC,NEOBTC
0,6595.0,3.901e-05,8.573e-05,1.297e-05,0.0015041,0.0008717,8.946e-05,0.035453,0.009236,0.001717,0.00287
1,6593.03,3.901e-05,8.574e-05,1.298e-05,0.0015044,0.0008719,8.949e-05,0.035445,0.009229,0.001716,0.00287
2,6597.23,3.901e-05,8.563e-05,1.296e-05,0.0015053,0.0008732,8.934e-05,0.035419,0.00923,0.001716,0.002869
3,6593.01,3.902e-05,8.566e-05,1.298e-05,0.0015047,0.0008735,8.974e-05,0.03543,0.009234,0.001717,0.002872
4,6595.95,3.903e-05,8.565e-05,1.298e-05,0.0015047,0.0008729,8.968e-05,0.035434,0.009234,0.001715,0.002871
5,6596.92,3.902e-05,8.565e-05,1.299e-05,0.0015046,0.0008726,8.966e-05,0.03541,0.009233,0.001715,0.002871
6,6597.59,3.903e-05,8.566e-05,1.298e-05,0.0015053,0.0008725,8.975e-05,0.035412,0.009231,0.001717,0.002872
7,6597.6,3.905e-05,8.566e-05,1.299e-05,0.0015045,0.000872,8.982e-05,0.0354,0.009231,0.001717,0.002871
8,6594.0,3.903e-05,8.552e-05,1.299e-05,0.0015051,0.000871,9.005e-05,0.035333,0.009219,0.001717,0.002868
9,6588.56,3.902e-05,8.558e-05,1.3e-05,0.0015061,0.000871,8.98e-05,0.035302,0.009225,0.001715,0.002861
10,6588.56,3.902e-05,8.573e-05,1.299e-05,0.0015041,0.0008684,8.969e-05,0.035294,0.009224,0.001715,0.002861
11,6584.0,3.903e-05,8.551e-05,1.297e-05,0.0015045,0.000869,8.972e-05,0.035271,0.009236,0.001715,0.002864
12,6583.83,3.906e-05,8.558e-05,1.295e-05,0.0015044,0.0008699,8.962e-05,0.035282,0.009217,0.001714,0.002865
13,6580.5,3.904e-05,8.549e-05,1.297e-05,0.0015044,0.0008692,8.969e-05,0.035289,0.009223,0.001716,0.002863
14,6580.78,3.902e-05,8.55e-05,1.297e-05,0.0015045,0.00087,8.966e-05,0.035295,0.00922,0.001716,0.002863
15,6578.99,3.9e-05,8.551e-05,1.298e-05,0.0015044,0.0008698,8.953e-05,0.035296,0.00922,0.001717,0.002863
16,6578.79,3.901e-05,8.571e-05,1.296e-05,0.0015043,0.0008697,8.955e-05,0.035246,0.009221,0.001715,0.002862
17,6580.06,3.9e-05,8.557e-05,1.297e-05,0.0015043,0.0008692,8.96e-05,0.035269,0.009219,0.001715,0.002863
18,6580.16,3.898e-05,8.558e-05,1.298e-05,0.0015053,0.0008693,8.965e-05,0.035297,0.009219,0.001717,0.002866
19,6582.97,3.899e-05,8.555e-05,1.298e-05,0.001505,0.0008701,8.962e-05,0.03528,0.00922,0.001717,0.002868
20,6583.0,3.899e-05,8.553e-05,1.299e-05,0.0015048,0.0008697,8.974e-05,0.035247,0.009212,0.001717,0.002868
21,6581.98,3.898e-05,8.567e-05,1.296e-05,0.0015059,0.0008697,8.962e-05,0.035218,0.009212,0.001715,0.002864
22,6580.01,3.898e-05,8.551e-05,1.296e-05,0.001506,0.0008696,8.964e-05,0.035251,0.009215,0.001716,0.002863
23,6581.49,3.898e-05,8.572e-05,1.297e-05,0.0015057,0.0008689,8.959e-05,0.035259,0.009226,0.001716,0.002863
24,6584.83,3.898e-05,8.552e-05,1.298e-05,0.0015045,0.0008696,8.948e-05,0.03533,0.009226,0.001717,0.002869
25,6580.52,3.897e-05,8.583e-05,1.299e-05,0.0015055,0.0008697,8.94e-05,0.035283,0.009219,0.001717,0.002868
26,6580.42,3.899e-05,8.56e-05,1.297e-05,0.0015041,0.0008689,8.947e-05,0.035294,0.009224,0.001715,0.002864
27,6577.02,3.902e-05,8.551e-05,1.297e-05,0.0015041,0.0008694,8.948e-05,0.035295,0.00922,0.001717,0.002867
28,6577.98,3.901e-05,8.552e-05,1.298e-05,0.0015049,0.0008698,8.942e-05,0.035307,0.009219,0.001715,0.002867
29,6577.57,3.906e-05,8.569e-05,1.297e-05,0.0015033,0.0008695,8.95e-05,0.03529,0.009213,0.001717,0.002867
30,6579.99,3.904e-05,8.584e-05,1.297e-05,0.0015041,0.0008694,8.946e-05,0.035304,0.009215,0.001716,0.002867
31,6581.98,3.905e-05,8.559e-05,1.297e-05,0.0015049,0.0008696,8.962e-05,0.035316,0.009214,0.001716,0.002868
32,6582.94,3.905e-05,8.579e-05,1.297e-05,0.0015049,0.0008689,8.952e-05,0.035331,0.009214,0.001717,0.002866
33,6583.0,3.904e-05,8.559e-05,1.298e-05,0.0015048,0.0008694,8.963e-05,0.035376,0.009221,0.001717,0.002865
34,6583.23,3.902e-05,8.573e-05,1.3e-05,0.0015047,0.0008692,8.961e-05,0.035366,0.009212,0.001716,0.00287
35,6582.04,3.905e-05,8.549e-05,1.298e-05,0.0015045,0.0008689,8.956e-05,0.035361,0.009217,0.001715,0.002869
36,6583.15,3.904e-05,8.571e-05,1.298e-05,0.0015042,0.0008689,8.959e-05,0.035343,0.009214,0.001716,0.002867
37,6585.0,3.904e-05,8.557e-05,1.298e-05,0.0015032,0.0008691,8.965e-05,0.035344,0.009203,0.001717,0.002867
38,6584.02,3.905e-05,8.562e-05,1.298e-05,0.0015042,0.0008691,8.973e-05,0.035343,0.009217,0.001715,0.002867
39,6584.32,3.903e-05,8.552e-05,1.297e-05,0.0015041,0.0008705,8.984e-05,0.035324,0.009211,0.001715,0.002866
40,6586.33,3.905e-05,8.575e-05,1.299e-05,0.0015042,0.000871,8.996e-05,0.03546,0.009234,0.001718,0.002874
41,6589.17,3.902e-05,8.566e-05,1.298e-05,0.0015047,0.0008702,8.989e-05,0.03543,0.009211,0.001717,0.002871
42,6586.03,3.906e-05,8.575e-05,1.298e-05,0.0015049,0.0008702,8.988e-05,0.035359,0.009216,0.001717,0.00287
43,6584.24,3.907e-05,8.576e-05,1.297e-05,0.0015053,0.0008701,8.992e-05,0.035372,0.009214,0.001718,0.002871
44,6585.92,3.905e-05,8.577e-05,1.297e-05,0.0015053,0.0008724,8.988e-05,0.035389,0.009214,0.001718,0.002871
45,6586.05,3.906e-05,8.576e-05,1.297e-05,0.0015053,0.0008725,9.007e-05,0.035395,0.00922,0.001716,0.002871
46,6587.74,3.91e-05,8.577e-05,1.297e-05,0.0015052,0.0008729,9.011e-05,0.035378,0.009215,0.001716,0.00287
47,6589.87,3.908e-05,8.577e-05,1.298e-05,0.0015051,0.0008712,8.975e-05,0.035361,0.00921,0.001718,0.002871
48,6589.88,3.909e-05,8.577e-05,1.298e-05,0.0015051,0.0008728,9.02e-05,0.035383,0.009215,0.001718,0.002866
49,6588.92,3.909e-05,8.575e-05,1.297e-05,0.0015041,0.0008714,9.026e-05,0.03537,0.009209,0.001718,0.002867
50,6585.0,3.909e-05,8.577e-05,1.297e-05,0.0015054,0.0008714,9.022e-05,0.035405,0.009219,0.001716,0.002867
51,6585.93,3.91e-05,8.574e-05,1.296e-05,0.0015056,0.0008714,8.992e-05,0.035353,0.009219,0.001716,0.002869
52,6583.99,3.91e-05,8.579e-05,1.298e-05,0.0015055,0.0008702,9e-05,0.03535,0.00921,0.001714,0.002864
53,6584.4,3.909e-05,8.552e-05,1.298e-05,0.0015056,0.0008717,9.007e-05,0.035371,0.009212,0.001716,0.002863
54,6583.98,3.908e-05,8.552e-05,1.298e-05,0.001505,0.0008711,9.018e-05,0.035386,0.009214,0.001716,0.002865
55,6585.94,3.908e-05,8.542e-05,1.297e-05,0.0015056,0.0008707,9.018e-05,0.035381,0.009215,0.001714,0.002864
56,6585.96,3.909e-05,8.542e-05,1.296e-05,0.0015055,0.0008709,9.03e-05,0.035376,0.009216,0.001713,0.002863
57,6585.99,3.908e-05,8.542e-05,1.296e-05,0.0015055,0.0008701,9.062e-05,0.035371,0.009216,0.001713,0.002864
58,6594.72,3.92e-05,8.542e-05,1.298e-05,0.0015059,0.0008717,9.203e-05,0.035402,0.009217,0.001714,0.00287
59,6597.55,3.92e-05,8.549e-05,1.298e-05,0.0015059,0.0008716,9.254e-05,0.035448,0.009233,0.001714,0.002868
60,6596.32,3.921e-05,8.556e-05,1.298e-05,0.0015059,0.0008702,9.2e-05,0.035433,0.009215,0.001714,0.002862
61,6595.38,3.92e-05,8.57e-05,1.299e-05,0.001506,0.000871,9.2e-05,0.035432,0.009217,0.001714,0.002863
62,6600.0,3.921e-05,8.565e-05,1.3e-05,0.001506,0.0008716,9.275e-05,0.03544,0.009226,0.001714,0.002867
63,6600.76,3.929e-05,8.567e-05,1.299e-05,0.0015063,0.0008729,9.209e-05,0.035458,0.009224,0.001713,0.002873
64,6601.05,3.929e-05,8.572e-05,1.3e-05,0.0015071,0.000872,9.265e-05,0.035458,0.009228,0.001713,0.002866
65,6603.17,3.924e-05,8.572e-05,1.3e-05,0.0015066,0.0008722,9.24e-05,0.035461,0.00922,0.001715,0.002866
66,6597.15,3.924e-05,8.58e-05,1.301e-05,0.0015073,0.0008722,9.216e-05,0.035423,0.009221,0.001715,0.002871
67,6596.0,3.925e-05,8.583e-05,1.301e-05,0.0015072,0.0008721,9.207e-05,0.035461,0.00922,0.001713,0.002864
68,6597.37,3.929e-05,8.573e-05,1.303e-05,0.0015072,0.0008725,9.179e-05,0.03547,0.009227,0.001712,0.002868
69,6599.97,3.929e-05,8.573e-05,1.305e-05,0.0015072,0.0008725,9.199e-05,0.035494,0.009224,0.001714,0.002869
70,6599.0,3.925e-05,8.575e-05,1.306e-05,0.0015063,0.000873,9.2e-05,0.035495,0.009214,0.001714,0.00287
71,6597.4,3.933e-05,8.588e-05,1.306e-05,0.0015077,0.0008733,9.226e-05,0.03552,0.009223,0.001713,0.00287
72,6599.89,3.934e-05,8.579e-05,1.305e-05,0.0015083,0.0008732,9.227e-05,0.035499,0.009228,0.001713,0.002871
73,6603.25,3.931e-05,8.582e-05,1.306e-05,0.0015085,0.0008752,9.23e-05,0.03552,0.00928,0.001712,0.00287
74,6605.83,3.93e-05,8.6e-05,1.305e-05,0.001506,0.000876,9.275e-05,0.035573,0.009265,0.001712,0.002872
75,6608.53,3.934e-05,8.59e-05,1.303e-05,0.0015087,0.0008753,9.29e-05,0.035572,0.009263,0.001712,0.002871
76,6609.98,3.939e-05,8.59e-05,1.303e-05,0.001513,0.0008766,9.251e-05,0.035533,0.009267,0.001711,0.002872
77,6604.15,3.943e-05,8.591e-05,1.304e-05,0.00151,0.0008758,9.264e-05,0.035563,0.009262,0.001714,0.002872
78,6620.6,3.939e-05,8.613e-05,1.306e-05,0.00151,0.000887,9.278e-05,0.03564,0.009311,0.001715,0.002877
79,6636.0,3.94e-05,8.636e-05,1.307e-05,0.0015149,0.0008858,9.3e-05,0.035826,0.009415,0.001718,0.002884
80,6642.26,3.942e-05,8.639e-05,1.307e-05,0.0015123,0.0008871,9.242e-05,0.035777,0.00939,0.001719,0.002882
81,6648.26,3.943e-05,8.628e-05,1.307e-05,0.001511,0.000886,9.247e-05,0.035815,0.009398,0.00172,0.00288
82,6642.28,3.949e-05,8.611e-05,1.305e-05,0.0015105,0.0008856,9.22e-05,0.035684,0.009371,0.001718,0.002881
83,6645.5,3.95e-05,8.628e-05,1.305e-05,0.0015103,0.0008857,9.223e-05,0.035799,0.009379,0.001717,0.002881
84,6648.01,3.938e-05,8.615e-05,1.305e-05,0.0015097,0.0008852,9.216e-05,0.03581,0.009363,0.001716,0.002881
85,6647.05,3.94e-05,8.627e-05,1.305e-05,0.001509,0.0008844,9.213e-05,0.035782,0.009366,0.001716,0.002882
86,6650.27,3.944e-05,8.615e-05,1.304e-05,0.0015077,0.0008845,9.212e-05,0.035753,0.009373,0.001717,0.002882
87,6642.32,3.939e-05,8.613e-05,1.302e-05,0.0015071,0.0008837,9.134e-05,0.035711,0.009371,0.001715,0.00288
88,6635.41,3.922e-05,8.599e-05,1.307e-05,0.0015087,0.0008829,9.182e-05,0.035732,0.009366,0.001718,0.00288
89,6633.33,3.931e-05,8.611e-05,1.304e-05,0.001508,0.0008826,9.18e-05,0.035693,0.009356,0.001719,0.002881
90,6629.82,3.928e-05,8.609e-05,1.304e-05,0.00151,0.0008836,9.17e-05,0.035721,0.009354,0.001717,0.002881
91,6637.51,3.937e-05,8.606e-05,1.304e-05,0.0015106,0.0008828,9.18e-05,0.03574,0.009383,0.001719,0.002886
92,6643.09,3.93e-05,8.623e-05,1.305e-05,0.0015109,0.0008854,9.165e-05,0.0358,0.009393,0.001721,0.002894
93,6642.0,3.942e-05,8.608e-05,1.305e-05,0.0015119,0.000885,9.145e-05,0.03575,0.009369,0.001719,0.002887
94,6646.01,3.943e-05,8.609e-05,1.304e-05,0.0015112,0.0008849,9.173e-05,0.035744,0.009378,0.001719,0.002893
95,6640.15,3.942e-05,8.605e-05,1.305e-05,0.0015117,0.0008843,9.173e-05,0.035747,0.009381,0.00172,0.002892
96,6633.57,3.936e-05,8.625e-05,1.305e-05,0.0015106,0.0008856,9.146e-05,0.035727,0.009379,0.001722,0.002893
97,6638.96,3.932e-05,8.639e-05,1.306e-05,0.0015117,0.0008863,9.145e-05,0.03575,0.009375,0.001723,0.002888
98,6636.39,3.935e-05,8.64e-05,1.308e-05,0.0015116,0.0008866,9.159e-05,0.035762,0.009373,0.001721,0.002886
99,6639.95,3.936e-05,8.618e-05,1.305e-05,0.0015108,0.0008873,9.159e-05,0.035779,0.00937,0.00172,0.00289
100,6643.89,3.938e-05,8.628e-05,1.307e-05,0.0015126,0.0008879,9.176e-05,0.035826,0.009379,0.00172,0.002889
101,6642.52,3.936e-05,8.628e-05,1.307e-05,0.0015117,0.0008879,9.193e-05,0.035791,0.00938,0.00172,0.002889
102,6639.99,3.935e-05,8.593e-05,1.305e-05,0.0015108,0.0008865,9.204e-05,0.035816,0.00938,0.001718,0.00289
103,6640.12,3.934e-05,8.612e-05,1.306e-05,0.0015116,0.0008863,9.21e-05,0.035818,0.009381,0.00172,0.00289
104,6640.66,3.931e-05,8.603e-05,1.305e-05,0.0015115,0.0008861,9.197e-05,0.035778,0.00937,0.001719,0.002893
105,6636.38,3.925e-05,8.609e-05,1.306e-05,0.0015116,0.000886,9.175e-05,0.035765,0.009372,0.001719,0.002889
106,6637.98,3.922e-05,8.607e-05,1.305e-05,0.0015111,0.0008862,9.177e-05,0.035735,0.009369,0.00172,0.002891
107,6648.0,3.93e-05,8.615e-05,1.307e-05,0.0015102,0.0008875,9.176e-05,0.035778,0.009382,0.001718,0.00289
108,6648.01,3.937e-05,8.62e-05,1.309e-05,0.0015097,0.0008873,9.175e-05,0.035788,0.009436,0.00172,0.002891
109,6655.49,3.936e-05,8.605e-05,1.309e-05,0.0015088,0.0008877,9.174e-05,0.035776,0.009453,0.00172,0.00289
110,6661.07,3.935e-05,8.609e-05,1.31e-05,0.0015112,0.0008874,9.201e-05,0.0358,0.009443,0.00172,0.00289
111,6656.03,3.941e-05,8.592e-05,1.308e-05,0.0015098,0.0008859,9.196e-05,0.035767,0.00942,0.001718,0.002891
112,6656.05,3.937e-05,8.594e-05,1.307e-05,0.0015097,0.000886,9.177e-05,0.03577,0.009409,0.001718,0.002891
113,6652.88,3.935e-05,8.621e-05,1.304e-05,0.0015096,0.0008845,9.167e-05,0.035732,0.009406,0.001718,0.00289
114,6648.06,3.93e-05,8.62e-05,1.304e-05,0.001511,0.0008837,9.166e-05,0.035725,0.009402,0.001718,0.002897
115,6647.36,3.929e-05,8.614e-05,1.305e-05,0.0015109,0.0008835,9.169e-05,0.035724,0.009405,0.001716,0.002897
116,6648.06,3.927e-05,8.616e-05,1.306e-05,0.0015104,0.0008836,9.162e-05,0.035671,0.009412,0.001716,0.002891
117,6646.0,3.926e-05,8.614e-05,1.305e-05,0.00151,0.000883,9.157e-05,0.035638,0.009409,0.001716,0.002895
118,6643.92,3.929e-05,8.611e-05,1.306e-05,0.0015078,0.0008829,9.16e-05,0.03563,0.009383,0.001717,0.002896
119,6640.13,3.925e-05,8.609e-05,1.306e-05,0.0015081,0.000882,9.145e-05,0.035591,0.009376,0.001717,0.002899
120,6644.97,3.927e-05,8.585e-05,1.307e-05,0.0015081,0.000883,9.14e-05,0.035578,0.009365,0.001717,0.002895
121,6645.73,3.925e-05,8.586e-05,1.306e-05,0.0015081,0.000882,9.147e-05,0.035603,0.009365,0.001717,0.002891
122,6646.34,3.927e-05,8.586e-05,1.306e-05,0.0015081,0.0008821,9.143e-05,0.035619,0.009362,0.001717,0.002891
123,6647.07,3.929e-05,8.584e-05,1.304e-05,0.0015081,0.000882,9.146e-05,0.035594,0.009364,0.001716,0.002888
124,6647.96,3.927e-05,8.583e-05,1.304e-05,0.0015081,0.0008827,9.165e-05,0.035599,0.009363,0.001717,0.002892
125,6646.02,3.925e-05,8.601e-05,1.302e-05,0.0015081,0.0008825,9.184e-05,0.035589,0.009359,0.001715,0.002892
126,6646.27,3.926e-05,8.601e-05,1.302e-05,0.001508,0.0008818,9.188e-05,0.035574,0.009356,0.001715,0.002891
127,6644.0,3.927e-05,8.59e-05,1.301e-05,0.0015079,0.0008817,9.197e-05,0.035559,0.009352,0.001716,0.00289
128,6649.95,3.927e-05,8.601e-05,1.302e-05,0.0015081,0.0008827,9.179e-05,0.035594,0.009357,0.001716,0.002889
129,6646.5,3.927e-05,8.6e-05,1.306e-05,0.001508,0.0008826,9.185e-05,0.035561,0.00936,0.001716,0.002894
130,6650.94,3.928e-05,8.602e-05,1.307e-05,0.001508,0.0008818,9.244e-05,0.035588,0.009358,0.001716,0.002894
131,6655.0,3.931e-05,8.603e-05,1.307e-05,0.0015081,0.0008825,9.347e-05,0.035627,0.009354,0.001715,0.002895
132,6654.0,3.93e-05,8.604e-05,1.307e-05,0.001508,0.0008829,9.301e-05,0.035622,0.009356,0.001717,0.002896
133,6652.42,3.929e-05,8.587e-05,1.305e-05,0.0015097,0.0008824,9.301e-05,0.03563,0.009344,0.001717,0.002898
134,6650.0,3.93e-05,8.59e-05,1.306e-05,0.0015099,0.0008825,9.314e-05,0.035631,0.009353,0.001717,0.002896
135,6649.87,3.931e-05,8.593e-05,1.304e-05,0.0015081,0.000882,9.305e-05,0.035624,0.009344,0.001717,0.002896
136,6645.0,3.931e-05,8.601e-05,1.305e-05,0.0015084,0.000882,9.32e-05,0.035595,0.009348,0.001716,0.002897
137,6641.05,3.928e-05,8.602e-05,1.305e-05,0.0015087,0.0008823,9.28e-05,0.035601,0.00938,0.001717,0.002896
138,6626.02,3.926e-05,8.602e-05,1.304e-05,0.0015084,0.0008825,9.28e-05,0.035586,0.009369,0.001714,0.002898
139,6630.37,3.928e-05,8.593e-05,1.301e-05,0.0015088,0.0008839,9.252e-05,0.035577,0.009378,0.001715,0.002898
140,6634.96,3.918e-05,8.586e-05,1.303e-05,0.0015085,0.000883,9.261e-05,0.03559,0.00938,0.001715,0.002895
141,6633.04,3.916e-05,8.6e-05,1.302e-05,0.0015092,0.0008835,9.285e-05,0.035592,0.009374,0.001714,0.002892
142,6626.4,3.918e-05,8.585e-05,1.299e-05,0.0015089,0.0008824,9.28e-05,0.035489,0.009371,0.001714,0.002897
143,6628.0,3.91e-05,8.585e-05,1.298e-05,0.0015088,0.0008824,9.262e-05,0.035537,0.00932,0.001714,0.002896
144,6627.9,3.918e-05,8.586e-05,1.299e-05,0.0015088,0.0008813,9.253e-05,0.035553,0.00933,0.001714,0.002894
145,6625.0,3.92e-05,8.587e-05,1.299e-05,0.001508,0.0008799,9.244e-05,0.035533,0.009324,0.001713,0.002891
146,6626.28,3.919e-05,8.587e-05,1.298e-05,0.0015087,0.0008795,9.24e-05,0.035522,0.009317,0.001713,0.002892
147,6629.93,3.92e-05,8.587e-05,1.3e-05,0.0015087,0.0008808,9.255e-05,0.035565,0.009329,0.001714,0.002893
148,6627.01,3.926e-05,8.587e-05,1.299e-05,0.0015088,0.000881,9.254e-05,0.035545,0.009319,0.001715,0.002894
149,6629.98,3.917e-05,8.598e-05,1.297e-05,0.0015088,0.0008807,9.258e-05,0.035553,0.009326,0.001714,0.002892
150,6629.96,3.917e-05,8.583e-05,1.298e-05,0.0015086,0.0008805,9.253e-05,0.035548,0.009327,0.001714,0.002891
151,6627.87,3.921e-05,8.594e-05,1.298e-05,0.0015084,0.0008808,9.257e-05,0.035546,0.009321,0.001716,0.00289
152,6631.98,3.924e-05,8.594e-05,1.3e-05,0.0015087,0.0008835,9.3e-05,0.035559,0.009322,0.001715,0.002888
153,6629.02,3.921e-05,8.586e-05,1.3e-05,0.0015093,0.0008813,9.27e-05,0.035547,0.009327,0.001714,0.002889
154,6628.47,3.921e-05,8.587e-05,1.299e-05,0.0015083,0.0008812,9.256e-05,0.035546,0.009324,0.001715,0.002885
155,6624.8,3.922e-05,8.593e-05,1.299e-05,0.0015101,0.0008807,9.263e-05,0.03553,0.009323,0.001715,0.002889
156,6624.84,3.923e-05,8.591e-05,1.3e-05,0.0015107,0.0008815,9.27e-05,0.03553,0.009318,0.001715,0.002893
157,6625.77,3.914e-05,8.591e-05,1.298e-05,0.0015074,0.0008815,9.203e-05,0.035509,0.009318,0.001716,0.00289
158,6627.99,3.918e-05,8.591e-05,1.298e-05,0.0015071,0.0008796,9.231e-05,0.035513,0.009334,0.001714,0.002888
159,6627.37,3.919e-05,8.592e-05,1.297e-05,0.0015087,0.0008805,9.209e-05,0.035513,0.009335,0.001716,0.002887
160,6624.79,3.919e-05,8.591e-05,1.295e-05,0.0015084,0.0008797,9.2e-05,0.035513,0.009252,0.001716,0.002882
161,6624.0,3.921e-05,8.599e-05,1.295e-05,0.0015095,0.0008779,9.17e-05,0.035518,0.009265,0.001714,0.002883
162,6625.88,3.918e-05,8.605e-05,1.297e-05,0.0015091,0.0008798,9.184e-05,0.035556,0.009276,0.001715,0.002888
163,6627.48,3.921e-05,8.592e-05,1.298e-05,0.001508,0.0008788,9.205e-05,0.035564,0.009275,0.001715,0.002886
164,6632.21,3.922e-05,8.592e-05,1.298e-05,0.0015083,0.0008795,9.19e-05,0.035623,0.009273,0.001715,0.002888
165,6636.67,3.923e-05,8.604e-05,1.297e-05,0.0015092,0.0008788,9.203e-05,0.035593,0.009281,0.001715,0.002888
166,6627.93,3.921e-05,8.592e-05,1.298e-05,0.0015096,0.0008788,9.219e-05,0.035569,0.009279,0.001717,0.00289
167,6639.99,3.921e-05,8.609e-05,1.299e-05,0.0015096,0.00088,9.23e-05,0.03561,0.009289,0.001716,0.00289
168,6637.74,3.923e-05,8.619e-05,1.3e-05,0.0015102,0.0008798,9.22e-05,0.035604,0.009289,0.001717,0.002889
169,6643.61,3.923e-05,8.62e-05,1.3e-05,0.0015084,0.000881,9.233e-05,0.035593,0.009291,0.001717,0.002879
170,6641.54,3.921e-05,8.602e-05,1.3e-05,0.0015096,0.0008812,9.238e-05,0.035594,0.009308,0.001715,0.002889
171,6642.0,3.917e-05,8.598e-05,1.298e-05,0.0015083,0.0008791,9.202e-05,0.035571,0.009284,0.001717,0.002884
172,6642.48,3.922e-05,8.599e-05,1.299e-05,0.0015096,0.0008811,9.219e-05,0.035561,0.009299,0.001716,0.002883
173,6640.06,3.925e-05,8.599e-05,1.298e-05,0.0015095,0.0008809,9.208e-05,0.035561,0.00929,0.001716,0.002889
174,6642.99,3.922e-05,8.601e-05,1.298e-05,0.0015106,0.0008815,9.184e-05,0.035567,0.009294,0.001716,0.002882
175,6637.25,3.922e-05,8.607e-05,1.296e-05,0.0015089,0.0008818,9.192e-05,0.035558,0.009288,0.001718,0.002885
176,6636.03,3.921e-05,8.62e-05,1.297e-05,0.001508,0.0008784,9.186e-05,0.035558,0.009284,0.001717,0.002883
177,6635.06,3.916e-05,8.629e-05,1.296e-05,0.0015087,0.000878,9.171e-05,0.035571,0.009276,0.001717,0.002882
178,6631.26,3.914e-05,8.609e-05,1.296e-05,0.0015085,0.0008785,9.141e-05,0.035555,0.009274,0.001719,0.002884
179,6633.92,3.916e-05,8.628e-05,1.295e-05,0.0015087,0.0008782,9.14e-05,0.035538,0.009272,0.001719,0.002883
180,6635.49,3.915e-05,8.609e-05,1.294e-05,0.0015074,0.000878,9.101e-05,0.035508,0.009264,0.001718,0.002881
181,6633.6,3.91e-05,8.607e-05,1.294e-05,0.001508,0.0008778,9.097e-05,0.035503,0.009263,0.001718,0.002878
182,6627.11,3.906e-05,8.626e-05,1.295e-05,0.0015079,0.0008752,9.098e-05,0.035488,0.009207,0.001718,0.002881
183,6623.45,3.902e-05,8.585e-05,1.295e-05,0.0015049,0.000877,9.094e-05,0.035403,0.009218,0.001716,0.002878
184,6625.08,3.894e-05,8.62e-05,1.295e-05,0.0015051,0.0008793,9.123e-05,0.035391,0.009213,0.001718,0.002877
185,6628.47,3.898e-05,8.62e-05,1.295e-05,0.0015054,0.0008783,9.106e-05,0.035429,0.00922,0.001716,0.002879
186,6632.53,3.899e-05,8.6e-05,1.296e-05,0.0015041,0.000879,9.121e-05,0.035452,0.009233,0.001714,0.002881
187,6630.22,3.895e-05,8.6e-05,1.297e-05,0.0015042,0.0008776,9.122e-05,0.035419,0.009234,0.001713,0.002878
188,6630.31,3.896e-05,8.599e-05,1.297e-05,0.001503,0.0008773,9.136e-05,0.035417,0.009233,0.001715,0.002878
189,6630.31,3.897e-05,8.599e-05,1.297e-05,0.001505,0.0008785,9.132e-05,0.035403,0.009218,0.001715,0.002878
190,6630.3,3.899e-05,8.599e-05,1.295e-05,0.0015039,0.0008784,9.115e-05,0.035415,0.009233,0.001714,0.002876
191,6627.23,3.895e-05,8.599e-05,1.296e-05,0.001504,0.0008778,9.113e-05,0.035442,0.009221,0.001714,0.002881
192,6629.98,3.895e-05,8.611e-05,1.295e-05,0.0015045,0.0008783,9.101e-05,0.035453,0.00922,0.001714,0.002881
193,6629.71,3.899e-05,8.616e-05,1.295e-05,0.001504,0.0008789,9.069e-05,0.035457,0.009229,0.001715,0.002881
194,6625.99,3.9e-05,8.609e-05,1.295e-05,0.0015048,0.000879,9.071e-05,0.035445,0.009226,0.001715,0.002881
195,6623.36,3.899e-05,8.621e-05,1.295e-05,0.0015035,0.0008795,9.069e-05,0.035455,0.009223,0.001717,0.002879
196,6626.0,3.899e-05,8.624e-05,1.293e-05,0.0015045,0.000879,9.056e-05,0.035455,0.00922,0.001717,0.00288
197,6630.0,3.9e-05,8.608e-05,1.295e-05,0.0015035,0.0008789,9.076e-05,0.035455,0.009227,0.001718,0.00288
198,6630.35,3.903e-05,8.623e-05,1.295e-05,0.0015056,0.0008801,9.095e-05,0.035485,0.009234,0.001718,0.002882
199,6630.35,3.907e-05,8.628e-05,1.296e-05,0.0015056,0.0008794,9.085e-05,0.035487,0.009235,0.001715,0.002885
200,6630.39,3.908e-05,8.629e-05,1.295e-05,0.0015052,0.00088,9.088e-05,0.035544,0.009233,0.001715,0.002885
201,6630.7,3.91e-05,8.627e-05,1.295e-05,0.0015047,0.0008796,9.12e-05,0.035533,0.009225,0.001715,0.002888
202,6635.7,3.911e-05,8.628e-05,1.295e-05,0.0015044,0.00088,9.115e-05,0.035526,0.009222,0.001715,0.00288
203,6630.29,3.909e-05,8.63e-05,1.295e-05,0.0015036,0.0008797,9.125e-05,0.035515,0.009216,0.001716,0.002885
204,6630.31,3.903e-05,8.626e-05,1.294e-05,0.0015042,0.0008789,9.11e-05,0.035498,0.009198,0.001715,0.002881
205,6629.98,3.905e-05,8.63e-05,1.295e-05,0.0015039,0.0008797,9.121e-05,0.03551,0.009199,0.001715,0.002882
206,6630.57,3.905e-05,8.629e-05,1.294e-05,0.0015045,0.0008804,9.123e-05,0.035537,0.009198,0.001715,0.002888
207,6632.0,3.906e-05,8.629e-05,1.295e-05,0.0015045,0.0008803,9.107e-05,0.035546,0.009194,0.001714,0.002881
208,6632.7,3.905e-05,8.63e-05,1.297e-05,0.0015041,0.0008796,9.112e-05,0.035529,0.009199,0.001714,0.002883
209,6632.81,3.909e-05,8.638e-05,1.294e-05,0.0015044,0.0008793,9.117e-05,0.035528,0.0092,0.001714,0.002883
210,6632.91,3.907e-05,8.632e-05,1.296e-05,0.0015043,0.0008798,9.099e-05,0.03552,0.0092,0.001714,0.002887
211,6632.96,3.908e-05,8.642e-05,1.296e-05,0.0015043,0.0008797,9.089e-05,0.035527,0.009202,0.001714,0.002884
212,6637.99,3.912e-05,8.65e-05,1.296e-05,0.0015038,0.00088,9.08e-05,0.035576,0.00921,0.001712,0.002883
213,6641.61,3.914e-05,8.641e-05,1.297e-05,0.0015045,0.0008806,9.101e-05,0.035624,0.009215,0.001714,0.002884
214,6642.0,3.91e-05,8.643e-05,1.297e-05,0.001505,0.0008806,9.086e-05,0.035621,0.009218,0.001714,0.002884
215,6641.5,3.908e-05,8.632e-05,1.297e-05,0.001505,0.0008799,9.107e-05,0.035601,0.009217,0.001712,0.002881
216,6642.01,3.901e-05,8.633e-05,1.298e-05,0.001505,0.0008805,9.117e-05,0.035586,0.009211,0.001714,0.002885
217,6632.93,3.902e-05,8.634e-05,1.297e-05,0.001505,0.0008801,9.124e-05,0.035561,0.00921,0.001713,0.002884
218,6635.22,3.901e-05,8.624e-05,1.298e-05,0.001505,0.0008808,9.119e-05,0.035577,0.009216,0.001713,0.002886
219,6634.99,3.902e-05,8.621e-05,1.297e-05,0.0015049,0.0008809,9.113e-05,0.035585,0.009209,0.001714,0.002885
220,6636.5,3.899e-05,8.648e-05,1.297e-05,0.0015051,0.0008812,9.106e-05,0.035582,0.00921,0.001712,0.002888
221,6636.0,3.899e-05,8.621e-05,1.297e-05,0.0015058,0.0008809,9.11e-05,0.035587,0.009214,0.001712,0.002887
222,6636.72,3.901e-05,8.623e-05,1.298e-05,0.0015056,0.0008811,9.108e-05,0.035582,0.009214,0.001714,0.002883
223,6636.0,3.902e-05,8.623e-05,1.297e-05,0.0015048,0.0008814,9.111e-05,0.035592,0.009215,0.001713,0.002886
224,6632.58,3.901e-05,8.624e-05,1.297e-05,0.0015052,0.0008801,9.121e-05,0.03558,0.009217,0.001713,0.002883
225,6632.41,3.904e-05,8.624e-05,1.298e-05,0.0015069,0.0008797,9.126e-05,0.035574,0.009219,0.001714,0.002886
226,6632.0,3.902e-05,8.624e-05,1.298e-05,0.001507,0.0008816,9.126e-05,0.035552,0.00922,0.001714,0.002885
227,6632.0,3.903e-05,8.624e-05,1.299e-05,0.001506,0.0008818,9.126e-05,0.035553,0.009221,0.001714,0.002887
228,6631.0,3.905e-05,8.627e-05,1.299e-05,0.001507,0.0008811,9.135e-05,0.035565,0.00923,0.001714,0.002886
229,6630.0,3.907e-05,8.631e-05,1.298e-05,0.001507,0.0008812,9.139e-05,0.035569,0.009225,0.001713,0.002889
230,6630.0,3.911e-05,8.633e-05,1.299e-05,0.0015071,0.0008817,9.141e-05,0.035557,0.009224,0.001714,0.002888
231,6629.98,3.912e-05,8.626e-05,1.298e-05,0.0015072,0.0008818,9.168e-05,0.035561,0.009228,0.001713,0.002886
232,6630.0,3.912e-05,8.637e-05,1.298e-05,0.0015071,0.0008817,9.165e-05,0.035548,0.009218,0.001713,0.002889
233,6630.21,3.917e-05,8.627e-05,1.297e-05,0.0015071,0.0008811,9.162e-05,0.035561,0.009227,0.001713,0.00289
234,6631.99,3.914e-05,8.639e-05,1.297e-05,0.0015062,0.0008818,9.173e-05,0.03556,0.009218,0.001713,0.002894
235,6631.75,3.916e-05,8.628e-05,1.297e-05,0.0015063,0.0008818,9.169e-05,0.03556,0.009229,0.001713,0.002887
236,6633.14,3.919e-05,8.628e-05,1.298e-05,0.0015069,0.0008806,9.162e-05,0.03556,0.009229,0.001713,0.002888
237,6632.0,3.919e-05,8.628e-05,1.297e-05,0.0015061,0.0008802,9.136e-05,0.035564,0.009228,0.001712,0.002888
238,6638.76,3.917e-05,8.637e-05,1.298e-05,0.0015062,0.0008801,9.138e-05,0.035552,0.009228,0.001712,0.002888
239,6637.0,3.917e-05,8.634e-05,1.298e-05,0.0015061,0.0008806,9.128e-05,0.035546,0.009237,0.001713,0.002889
240,6633.81,3.916e-05,8.629e-05,1.298e-05,0.0015061,0.00088,9.136e-05,0.035547,0.009232,0.001713,0.002889
241,6633.91,3.915e-05,8.63e-05,1.299e-05,0.0015061,0.0008803,9.125e-05,0.035546,0.009225,0.001712,0.002887
242,6635.19,3.909e-05,8.628e-05,1.299e-05,0.0015047,0.000879,9.101e-05,0.035527,0.009226,0.001712,0.002885
243,6635.47,3.908e-05,8.622e-05,1.298e-05,0.0015046,0.0008797,9.085e-05,0.035478,0.009222,0.001712,0.002883
244,6632.11,3.91e-05,8.614e-05,1.299e-05,0.0015061,0.0008795,9.1e-05,0.035475,0.009227,0.001713,0.002879
245,6630.01,3.91e-05,8.631e-05,1.3e-05,0.0015061,0.0008803,9.101e-05,0.035499,0.009224,0.001712,0.002884
246,6628.08,3.908e-05,8.615e-05,1.299e-05,0.0015065,0.0008812,9.095e-05,0.035513,0.009225,0.001713,0.002881
247,6628.12,3.913e-05,8.614e-05,1.3e-05,0.0015051,0.0008797,9.102e-05,0.03555,0.009226,0.001714,0.002878
248,6636.38,3.912e-05,8.631e-05,1.299e-05,0.0015063,0.0008804,9.092e-05,0.0355,0.009225,0.001714,0.002879
249,6631.85,3.913e-05,8.614e-05,1.3e-05,0.0015069,0.000881,9.09e-05,0.035528,0.009223,0.001714,0.002877
250,6632.01,3.914e-05,8.614e-05,1.3e-05,0.0015061,0.0008813,9.077e-05,0.035512,0.009228,0.001712,0.002877
251,6633.01,3.919e-05,8.609e-05,1.301e-05,0.0015061,0.0008815,9.077e-05,0.035527,0.009229,0.001715,0.002876
252,6634.43,3.919e-05,8.61e-05,1.3e-05,0.0015062,0.0008809,9.069e-05,0.035525,0.009229,0.001712,0.002877
253,6635.31,3.918e-05,8.611e-05,1.3e-05,0.0015056,0.000881,9.1e-05,0.035545,0.00923,0.001713,0.002876
254,6635.39,3.917e-05,8.612e-05,1.3e-05,0.0015065,0.000882,9.103e-05,0.035566,0.009231,0.001712,0.002877
255,6636.89,3.917e-05,8.612e-05,1.301e-05,0.0015044,0.0008812,9.1e-05,0.035575,0.009231,0.001712,0.002875
256,6636.01,3.919e-05,8.63e-05,1.301e-05,0.0015068,0.0008816,9.096e-05,0.035546,0.009236,0.001714,0.002877
257,6635.0,3.918e-05,8.619e-05,1.301e-05,0.0015067,0.0008823,9.101e-05,0.035558,0.009235,0.001715,0.002877
258,6637.81,3.92e-05,8.621e-05,1.301e-05,0.0015067,0.0008823,9.116e-05,0.035578,0.009236,0.001715,0.002877
259,6637.94,3.921e-05,8.639e-05,1.301e-05,0.0015069,0.000883,9.117e-05,0.035582,0.009236,0.001714,0.002879
260,6640.0,3.923e-05,8.625e-05,1.303e-05,0.001507,0.0008837,9.115e-05,0.035582,0.009236,0.001714,0.00288
261,6642.47,3.926e-05,8.626e-05,1.304e-05,0.001507,0.0008842,9.122e-05,0.035591,0.009239,0.001714,0.002879
262,6644.99,3.927e-05,8.604e-05,1.304e-05,0.0015086,0.0008842,9.119e-05,0.03559,0.009238,0.001714,0.002881
263,6643.8,3.926e-05,8.635e-05,1.305e-05,0.0015064,0.000885,9.127e-05,0.035583,0.009238,0.001713,0.00288
264,6644.19,3.927e-05,8.62e-05,1.304e-05,0.0015076,0.0008845,9.133e-05,0.035576,0.009238,0.001714,0.002879
265,6645.89,3.926e-05,8.62e-05,1.303e-05,0.0015073,0.0008839,9.137e-05,0.03556,0.009237,0.001714,0.002881
266,6643.81,3.927e-05,8.634e-05,1.304e-05,0.0015075,0.0008836,9.144e-05,0.035588,0.009239,0.001714,0.002881
267,6644.36,3.926e-05,8.606e-05,1.304e-05,0.0015075,0.0008829,9.141e-05,0.03557,0.009237,0.001714,0.002879
268,6642.01,3.926e-05,8.633e-05,1.304e-05,0.0015074,0.000883,9.139e-05,0.03557,0.009237,0.001713,0.00288
269,6639.08,3.926e-05,8.617e-05,1.302e-05,0.0015061,0.0008821,9.125e-05,0.035551,0.009242,0.001713,0.002877
270,6640.0,3.929e-05,8.602e-05,1.303e-05,0.0015068,0.0008823,9.127e-05,0.035546,0.009236,0.001715,0.00288
271,6641.16,3.932e-05,8.617e-05,1.303e-05,0.0015056,0.0008827,9.113e-05,0.03556,0.009237,0.001715,0.00288
272,6639.99,3.926e-05,8.604e-05,1.303e-05,0.0015068,0.0008844,9.144e-05,0.035559,0.009234,0.001716,0.002882
273,6640.02,3.926e-05,8.619e-05,1.303e-05,0.0015082,0.0008824,9.129e-05,0.035571,0.009238,0.001716,0.002879
274,6640.49,3.925e-05,8.618e-05,1.304e-05,0.001508,0.0008825,9.132e-05,0.035579,0.009237,0.001716,0.002879
275,6641.06,3.925e-05,8.627e-05,1.304e-05,0.0015092,0.0008826,9.14e-05,0.035588,0.009234,0.001718,0.002878
276,6644.21,3.924e-05,8.618e-05,1.307e-05,0.0015068,0.0008832,9.153e-05,0.035569,0.009234,0.001717,0.002876
277,6644.33,3.925e-05,8.608e-05,1.306e-05,0.0015069,0.0008849,9.163e-05,0.03557,0.009235,0.001718,0.002879
278,6646.63,3.937e-05,8.608e-05,1.305e-05,0.001508,0.0008836,9.179e-05,0.035566,0.009231,0.001718,0.002875
279,6644.1,3.931e-05,8.609e-05,1.305e-05,0.0015077,0.000884,9.171e-05,0.035566,0.009233,0.001718,0.00288
280,6646.51,3.931e-05,8.615e-05,1.305e-05,0.0015074,0.0008836,9.179e-05,0.035575,0.009235,0.001716,0.002878
281,6644.61,3.938e-05,8.616e-05,1.305e-05,0.0015062,0.000884,9.196e-05,0.035572,0.009236,0.001718,0.002879
282,6642.0,3.938e-05,8.615e-05,1.304e-05,0.0015074,0.0008834,9.206e-05,0.035564,0.009237,0.001716,0.002877
283,6642.08,3.941e-05,8.6e-05,1.304e-05,0.001508,0.0008833,9.218e-05,0.035559,0.009238,0.001716,0.002877
284,6642.13,3.941e-05,8.6e-05,1.304e-05,0.001508,0.0008836,9.206e-05,0.03556,0.009241,0.001716,0.002879
285,6642.13,3.941e-05,8.614e-05,1.305e-05,0.001508,0.0008837,9.174e-05,0.035562,0.009239,0.001714,0.002879
286,6642.03,3.94e-05,8.614e-05,1.302e-05,0.001507,0.0008841,9.192e-05,0.035559,0.009238,0.001714,0.00288
287,6643.83,3.938e-05,8.616e-05,1.304e-05,0.001508,0.0008839,9.186e-05,0.03557,0.009237,0.001715,0.002879
288,6644.99,3.939e-05,8.614e-05,1.303e-05,0.001508,0.000884,9.2e-05,0.035559,0.009237,0.001716,0.00288
289,6644.96,3.945e-05,8.614e-05,1.302e-05,0.0015079,0.0008835,9.188e-05,0.035567,0.00924,0.001716,0.002879
290,6640.3,3.945e-05,8.615e-05,1.303e-05,0.0015082,0.0008839,9.204e-05,0.035559,0.009239,0.001718,0.002879
291,6640.31,3.939e-05,8.614e-05,1.301e-05,0.0015091,0.0008831,9.209e-05,0.035559,0.009239,0.001718,0.00288
292,6637.01,3.94e-05,8.614e-05,1.302e-05,0.0015092,0.000883,9.207e-05,0.035561,0.00924,0.001718,0.00288
293,6637.02,3.939e-05,8.614e-05,1.303e-05,0.001508,0.0008832,9.216e-05,0.035559,0.009237,0.001718,0.002878
294,6638.3,3.938e-05,8.612e-05,1.304e-05,0.0015073,0.0008837,9.225e-05,0.03556,0.009236,0.001717,0.00288
295,6638.3,3.941e-05,8.612e-05,1.304e-05,0.0015086,0.0008837,9.26e-05,0.035565,0.009238,0.001716,0.002876
296,6638.01,3.939e-05,8.612e-05,1.305e-05,0.0015086,0.0008829,9.235e-05,0.035565,0.009248,0.001716,0.002876
297,6637.04,3.945e-05,8.611e-05,1.303e-05,0.0015089,0.000883,9.222e-05,0.03558,0.009242,0.001716,0.002876
298,6636.01,3.946e-05,8.61e-05,1.303e-05,0.0015074,0.0008824,9.205e-05,0.035572,0.00925,0.001716,0.002875
299,6636.97,3.953e-05,8.61e-05,1.304e-05,0.0015083,0.0008829,9.216e-05,0.03558,0.009246,0.001717,0.002876
300,6637.16,3.951e-05,8.598e-05,1.304e-05,0.0015084,0.0008824,9.219e-05,0.035582,0.009235,0.001715,0.002875
301,6638.0,3.955e-05,8.598e-05,1.303e-05,0.0015076,0.000882,9.21e-05,0.035565,0.009236,0.001715,0.002876
302,6639.94,3.958e-05,8.598e-05,1.303e-05,0.0015076,0.0008827,9.196e-05,0.035566,0.009235,0.001714,0.002878
303,6637.93,3.955e-05,8.61e-05,1.301e-05,0.0015073,0.0008828,9.203e-05,0.035578,0.00923,0.001717,0.002877
304,6638.02,3.956e-05,8.599e-05,1.303e-05,0.0015078,0.0008825,9.202e-05,0.035565,0.009231,0.001714,0.002875
305,6640.1,3.954e-05,8.597e-05,1.302e-05,0.0015078,0.0008827,9.205e-05,0.035562,0.009226,0.001715,0.002874
306,6641.06,3.954e-05,8.608e-05,1.302e-05,0.0015074,0.0008824,9.201e-05,0.035562,0.009226,0.001716,0.002875
307,6637.92,3.96e-05,8.597e-05,1.303e-05,0.001507,0.0008818,9.181e-05,0.035551,0.009227,0.001716,0.002875
308,6637.91,3.959e-05,8.591e-05,1.304e-05,0.0015068,0.0008821,9.184e-05,0.035554,0.009231,0.001714,0.002872
309,6638.01,3.961e-05,8.592e-05,1.303e-05,0.0015068,0.0008817,9.174e-05,0.035547,0.009231,0.001714,0.002872
310,6639.92,3.965e-05,8.58e-05,1.303e-05,0.0015067,0.0008828,9.169e-05,0.035537,0.009231,0.001715,0.002873
311,6639.07,3.964e-05,8.592e-05,1.302e-05,0.0015062,0.0008826,9.169e-05,0.03554,0.00923,0.001714,0.00287
312,6644.02,3.963e-05,8.6e-05,1.301e-05,0.0015068,0.0008828,9.182e-05,0.035544,0.009232,0.001714,0.002874
313,6641.1,3.964e-05,8.599e-05,1.302e-05,0.0015068,0.0008827,9.195e-05,0.035553,0.009229,0.001714,0.002872
314,6641.1,3.968e-05,8.573e-05,1.303e-05,0.0015053,0.0008824,9.186e-05,0.035551,0.009233,0.001714,0.002875
315,6641.31,3.973e-05,8.596e-05,1.304e-05,0.001502,0.0008824,9.175e-05,0.035541,0.009227,0.001713,0.002871
316,6637.23,3.976e-05,8.607e-05,1.304e-05,0.0015047,0.0008828,9.183e-05,0.035565,0.009238,0.001715,0.002872
317,6639.72,3.97e-05,8.602e-05,1.304e-05,0.0015047,0.0008827,9.18e-05,0.035548,0.009237,0.001715,0.002873
318,6639.72,3.975e-05,8.605e-05,1.304e-05,0.0015044,0.0008828,9.178e-05,0.035569,0.009232,0.001715,0.002874
319,6641.36,3.973e-05,8.605e-05,1.304e-05,0.0015044,0.0008832,9.188e-05,0.035553,0.009239,0.001715,0.002873
320,6643.0,3.971e-05,8.582e-05,1.303e-05,0.0015043,0.0008833,9.187e-05,0.035556,0.009237,0.001713,0.002874
321,6643.4,3.973e-05,8.583e-05,1.303e-05,0.0015043,0.0008831,9.187e-05,0.035556,0.009233,0.001713,0.00287
322,6644.98,3.97e-05,8.598e-05,1.304e-05,0.001505,0.0008842,9.199e-05,0.035572,0.009241,0.001715,0.00287
323,6645.0,3.956e-05,8.584e-05,1.305e-05,0.0015055,0.0008825,9.198e-05,0.035583,0.009239,0.001714,0.002874
324,6644.97,3.96e-05,8.609e-05,1.307e-05,0.0015052,0.0008843,9.225e-05,0.035647,0.009265,0.001714,0.002873
325,6645.11,3.963e-05,8.596e-05,1.305e-05,0.0015051,0.0008842,9.209e-05,0.035612,0.009268,0.001717,0.002874
326,6645.16,3.964e-05,8.615e-05,1.305e-05,0.0015049,0.0008849,9.22e-05,0.035639,0.00927,0.001716,0.002874
327,6645.27,3.963e-05,8.615e-05,1.306e-05,0.0015066,0.0008842,9.212e-05,0.035661,0.009269,0.001716,0.002879
328,6647.21,3.965e-05,8.614e-05,1.306e-05,0.0015054,0.0008841,9.221e-05,0.035659,0.009269,0.001717,0.002877
329,6648.07,3.964e-05,8.614e-05,1.307e-05,0.0015065,0.0008848,9.216e-05,0.035668,0.009263,0.001715,0.002875
330,6648.06,3.965e-05,8.602e-05,1.306e-05,0.0015065,0.000885,9.214e-05,0.035692,0.009278,0.001715,0.002877
331,6648.08,3.961e-05,8.613e-05,1.306e-05,0.0015063,0.0008849,9.2e-05,0.035699,0.00928,0.001717,0.002877
332,6649.01,3.958e-05,8.604e-05,1.306e-05,0.0015063,0.0008848,9.216e-05,0.035683,0.009274,0.001716,0.002877
333,6646.35,3.948e-05,8.603e-05,1.304e-05,0.0015063,0.0008844,9.2e-05,0.035649,0.009267,0.001716,0.00288
334,6650.0,3.94e-05,8.613e-05,1.305e-05,0.0015063,0.0008844,9.188e-05,0.035662,0.009266,0.001716,0.002881
335,6647.06,3.945e-05,8.609e-05,1.304e-05,0.0015065,0.0008843,9.191e-05,0.035653,0.009263,0.001715,0.002879
336,6647.12,3.945e-05,8.613e-05,1.305e-05,0.0015067,0.0008833,9.18e-05,0.035651,0.009271,0.001715,0.002881
337,6646.62,3.947e-05,8.614e-05,1.306e-05,0.0015066,0.0008838,9.177e-05,0.035647,0.009268,0.001716,0.00288
338,6646.28,3.947e-05,8.614e-05,1.306e-05,0.0015066,0.0008836,9.173e-05,0.035647,0.009263,0.001716,0.002881
339,6646.4,3.949e-05,8.614e-05,1.304e-05,0.0015079,0.0008841,9.155e-05,0.035673,0.009265,0.001717,0.002881
340,6649.0,3.951e-05,8.612e-05,1.305e-05,0.0015083,0.0008839,9.169e-05,0.035697,0.009267,0.001717,0.002881
341,6657.0,3.954e-05,8.615e-05,1.306e-05,0.0015078,0.0008857,9.186e-05,0.035735,0.009265,0.001717,0.002881
342,6660.12,3.957e-05,8.62e-05,1.307e-05,0.0015083,0.0008857,9.19e-05,0.035746,0.009281,0.001717,0.002883
343,6651.96,3.95e-05,8.622e-05,1.306e-05,0.0015083,0.000885,9.19e-05,0.035727,0.00926,0.001717,0.002886
344,6655.05,3.95e-05,8.622e-05,1.306e-05,0.0015087,0.0008858,9.187e-05,0.035741,0.009261,0.001717,0.002891
345,6653.51,3.948e-05,8.622e-05,1.305e-05,0.0015084,0.0008839,9.198e-05,0.035723,0.009261,0.001717,0.002885
346,6653.3,3.946e-05,8.611e-05,1.305e-05,0.001508,0.0008839,9.19e-05,0.035697,0.009254,0.001717,0.002886
347,6650.34,3.95e-05,8.622e-05,1.305e-05,0.0015083,0.0008835,9.186e-05,0.035703,0.009254,0.001717,0.002886
348,6644.49,3.947e-05,8.611e-05,1.304e-05,0.0015082,0.0008831,9.187e-05,0.035662,0.009252,0.001718,0.002893
349,6644.59,3.947e-05,8.616e-05,1.305e-05,0.0015069,0.000884,9.18e-05,0.035665,0.009262,0.001718,0.002894
350,6641.14,3.948e-05,8.615e-05,1.305e-05,0.0015068,0.0008843,9.179e-05,0.035703,0.00926,0.001718,0.002891
351,6646.95,3.955e-05,8.611e-05,1.304e-05,0.0015079,0.0008828,9.179e-05,0.035673,0.00926,0.001718,0.002891
352,6646.28,3.951e-05,8.614e-05,1.306e-05,0.001507,0.0008832,9.176e-05,0.035646,0.00926,0.001718,0.002891
353,6646.0,3.956e-05,8.614e-05,1.305e-05,0.0015078,0.0008827,9.17e-05,0.035636,0.00926,0.001718,0.002897
354,6643.88,3.956e-05,8.601e-05,1.306e-05,0.0015079,0.0008831,9.165e-05,0.035652,0.009264,0.001718,0.002896
355,6641.1,3.95e-05,8.613e-05,1.305e-05,0.001507,0.0008826,9.112e-05,0.035621,0.009258,0.001718,0.002897
356,6641.0,3.947e-05,8.605e-05,1.303e-05,0.0015079,0.0008817,9.13e-05,0.035594,0.009248,0.001717,0.002895
357,6639.0,3.949e-05,8.595e-05,1.304e-05,0.001507,0.0008816,9.103e-05,0.035547,0.009234,0.001716,0.002894
358,6642.83,3.942e-05,8.598e-05,1.303e-05,0.001507,0.000882,9.125e-05,0.035574,0.009248,0.001717,0.002893
359,6641.51,3.942e-05,8.597e-05,1.305e-05,0.0015072,0.000882,9.131e-05,0.035596,0.009238,0.001719,0.002895
360,6643.05,3.948e-05,8.598e-05,1.305e-05,0.0015072,0.0008816,9.124e-05,0.035593,0.009237,0.001719,0.002891
361,6642.23,3.952e-05,8.598e-05,1.305e-05,0.0015082,0.0008814,9.117e-05,0.035611,0.009236,0.001718,0.002889
362,6643.01,3.947e-05,8.597e-05,1.304e-05,0.001508,0.0008814,9.126e-05,0.035622,0.00924,0.001717,0.002889
363,6643.1,3.951e-05,8.597e-05,1.304e-05,0.0015067,0.000881,9.125e-05,0.035622,0.009238,0.001717,0.002887
364,6640.22,3.951e-05,8.606e-05,1.303e-05,0.0015058,0.0008815,9.127e-05,0.035586,0.009237,0.001718,0.002889
365,6642.01,3.945e-05,8.606e-05,1.303e-05,0.001507,0.0008814,9.117e-05,0.035587,0.009238,0.001718,0.002887
366,6640.01,3.947e-05,8.599e-05,1.301e-05,0.0015067,0.0008814,9.118e-05,0.035585,0.009239,0.001718,0.002883
367,6641.0,3.946e-05,8.6e-05,1.301e-05,0.0015063,0.0008816,9.113e-05,0.035609,0.009242,0.001718,0.002881
368,6637.69,3.944e-05,8.599e-05,1.302e-05,0.001507,0.000882,9.113e-05,0.035606,0.009239,0.001718,0.002884
369,6636.7,3.945e-05,8.595e-05,1.3e-05,0.0015071,0.0008818,9.122e-05,0.035587,0.009247,0.001717,0.002881
370,6637.71,3.945e-05,8.589e-05,1.3e-05,0.0015085,0.0008816,9.143e-05,0.035594,0.009239,0.001717,0.002885
371,6636.71,3.948e-05,8.585e-05,1.302e-05,0.001506,0.0008808,9.144e-05,0.03559,0.009235,0.001717,0.002885
372,6632.0,3.946e-05,8.579e-05,1.3e-05,0.001506,0.0008784,9.129e-05,0.035472,0.009228,0.001717,0.002876
373,6628.86,3.947e-05,8.579e-05,1.297e-05,0.0015061,0.0008802,9.114e-05,0.03545,0.009218,0.001718,0.002881
374,6632.3,3.947e-05,8.586e-05,1.3e-05,0.0015061,0.0008796,9.115e-05,0.035473,0.009229,0.001716,0.002884
375,6634.72,3.946e-05,8.588e-05,1.3e-05,0.0015066,0.0008796,9.121e-05,0.035472,0.009228,0.001716,0.002885
376,6634.42,3.95e-05,8.582e-05,1.301e-05,0.001505,0.0008801,9.119e-05,0.035478,0.00923,0.001716,0.002885
377,6633.68,3.947e-05,8.599e-05,1.299e-05,0.0015045,0.0008791,9.124e-05,0.035443,0.009225,0.001718,0.002885
378,6629.01,3.945e-05,8.583e-05,1.3e-05,0.0015068,0.00088,9.125e-05,0.035478,0.009227,0.001718,0.002889
379,6630.24,3.949e-05,8.583e-05,1.301e-05,0.0015066,0.0008807,9.122e-05,0.035497,0.009215,0.001716,0.002889
380,6634.63,3.945e-05,8.6e-05,1.3e-05,0.001506,0.0008808,9.124e-05,0.0355,0.009221,0.00172,0.002889
381,6630.17,3.943e-05,8.621e-05,1.301e-05,0.0015038,0.0008806,9.116e-05,0.035486,0.009224,0.001719,0.002889
382,6627.89,3.945e-05,8.595e-05,1.301e-05,0.0015062,0.000881,9.121e-05,0.035503,0.009216,0.001719,0.002896
383,6630.13,3.944e-05,8.595e-05,1.301e-05,0.0015045,0.0008809,9.118e-05,0.035489,0.009217,0.001717,0.002892
384,6629.97,3.941e-05,8.594e-05,1.302e-05,0.0015045,0.0008807,9.123e-05,0.035485,0.009216,0.001717,0.002895
385,6628.0,3.942e-05,8.603e-05,1.302e-05,0.0015045,0.0008809,9.121e-05,0.035456,0.00921,0.001717,0.002896
386,6626.27,3.941e-05,8.585e-05,1.3e-05,0.0015032,0.0008801,9.117e-05,0.035425,0.009216,0.001718,0.002896
387,6625.81,3.942e-05,8.587e-05,1.3e-05,0.0015045,0.0008804,9.12e-05,0.035441,0.009216,0.001719,0.002892
388,6627.92,3.944e-05,8.591e-05,1.299e-05,0.0015038,0.0008806,9.129e-05,0.03543,0.009218,0.001719,0.002889
389,6625.94,3.942e-05,8.583e-05,1.299e-05,0.001503,0.0008798,9.111e-05,0.035434,0.009214,0.00172,0.00288
390,6623.9,3.937e-05,8.584e-05,1.299e-05,0.001503,0.0008798,9.083e-05,0.03537,0.009213,0.00172,0.002876
391,6625.95,3.925e-05,8.614e-05,1.298e-05,0.0015029,0.000879,9.084e-05,0.035391,0.00921,0.001718,0.002875
392,6616.05,3.919e-05,8.609e-05,1.295e-05,0.0015027,0.0008783,9.056e-05,0.03536,0.009201,0.001719,0.002875
393,6610.0,3.916e-05,8.582e-05,1.296e-05,0.0015025,0.0008777,9.033e-05,0.035328,0.009202,0.001718,0.002875
394,6607.01,3.916e-05,8.594e-05,1.296e-05,0.001503,0.0008786,9.036e-05,0.035383,0.009216,0.001718,0.002876
395,6594.37,3.91e-05,8.571e-05,1.292e-05,0.0015019,0.0008751,8.971e-05,0.035331,0.0092,0.001719,0.002878
396,6588.09,3.909e-05,8.541e-05,1.289e-05,0.0015054,0.0008768,8.877e-05,0.035288,0.0092,0.001717,0.002858
397,6603.71,3.908e-05,8.56e-05,1.295e-05,0.0015042,0.0008785,8.918e-05,0.035331,0.009217,0.001719,0.002861
398,6603.78,3.906e-05,8.544e-05,1.29e-05,0.0015044,0.0008757,8.917e-05,0.035265,0.009194,0.001717,0.002857
399,6598.41,3.904e-05,8.544e-05,1.29e-05,0.0015044,0.0008771,8.9e-05,0.035283,0.009197,0.001716,0.00286
400,6603.03,3.909e-05,8.536e-05,1.292e-05,0.0015056,0.0008782,8.917e-05,0.035316,0.009199,0.001715,0.002864
401,6610.63,3.911e-05,8.556e-05,1.292e-05,0.0015063,0.0008777,8.875e-05,0.035336,0.009198,0.001714,0.002864
402,6610.67,3.905e-05,8.573e-05,1.293e-05,0.0015056,0.0008792,8.925e-05,0.035344,0.00921,0.001715,0.002866
403,6609.23,3.907e-05,8.556e-05,1.294e-05,0.0015054,0.0008786,8.935e-05,0.03536,0.009195,0.001714,0.002865
404,6612.02,3.914e-05,8.574e-05,1.293e-05,0.0015055,0.0008773,8.94e-05,0.035358,0.009201,0.001714,0.002866
405,6606.56,3.92e-05,8.579e-05,1.291e-05,0.0015052,0.000877,8.911e-05,0.035345,0.0092,0.001714,0.002868
406,6607.29,3.913e-05,8.576e-05,1.29e-05,0.0015046,0.0008775,8.89e-05,0.035334,0.009188,0.001716,0.002869
407,6598.13,3.916e-05,8.555e-05,1.289e-05,0.0015052,0.0008775,8.785e-05,0.035328,0.009193,0.001716,0.002873
408,6595.05,3.912e-05,8.558e-05,1.285e-05,0.0015043,0.000875,8.775e-05,0.035308,0.00919,0.001716,0.002864
409,6592.0,3.908e-05,8.532e-05,1.285e-05,0.0015042,0.0008762,8.799e-05,0.035303,0.00919,0.001715,0.00286
410,6595.0,3.907e-05,8.54e-05,1.285e-05,0.0015048,0.0008777,8.8e-05,0.035304,0.009191,0.001716,0.002859
411,6606.11,3.911e-05,8.566e-05,1.286e-05,0.001506,0.000878,8.79e-05,0.035336,0.009218,0.001714,0.002867
412,6612.13,3.909e-05,8.576e-05,1.288e-05,0.0015069,0.0008796,8.839e-05,0.035346,0.009218,0.001714,0.002857
413,6610.55,3.911e-05,8.564e-05,1.287e-05,0.0015064,0.0008791,8.814e-05,0.03533,0.009211,0.001714,0.002864
414,6613.0,3.913e-05,8.569e-05,1.287e-05,0.0015049,0.0008796,8.81e-05,0.035332,0.009214,0.001714,0.002866
415,6616.94,3.917e-05,8.549e-05,1.286e-05,0.0015058,0.0008797,8.816e-05,0.035323,0.00922,0.001714,0.002866
416,6615.39,3.921e-05,8.565e-05,1.287e-05,0.001506,0.0008805,8.833e-05,0.035333,0.00922,0.001713,0.002867
417,6620.01,3.919e-05,8.551e-05,1.287e-05,0.0015051,0.0008806,8.856e-05,0.035379,0.009222,0.001714,0.002867
418,6623.29,3.918e-05,8.572e-05,1.289e-05,0.0015056,0.0008795,8.86e-05,0.035364,0.00923,0.001712,0.002867
419,6625.02,3.915e-05,8.568e-05,1.29e-05,0.001506,0.0008788,8.846e-05,0.035351,0.009222,0.001712,0.002868
420,6625.27,3.907e-05,8.555e-05,1.291e-05,0.0015058,0.0008791,8.844e-05,0.035363,0.009228,0.001711,0.00287
421,6625.15,3.903e-05,8.568e-05,1.288e-05,0.001505,0.0008789,8.858e-05,0.035332,0.009228,0.001713,0.002869
422,6623.46,3.908e-05,8.535e-05,1.29e-05,0.0015054,0.000879,8.857e-05,0.035332,0.009224,0.001713,0.002868
423,6621.39,3.908e-05,8.555e-05,1.287e-05,0.0015055,0.0008782,8.807e-05,0.035324,0.009223,0.001711,0.002869
424,6617.05,3.911e-05,8.546e-05,1.288e-05,0.0015055,0.0008782,8.778e-05,0.035322,0.00922,0.001713,0.002868
425,6618.93,3.903e-05,8.557e-05,1.289e-05,0.001506,0.0008785,8.81e-05,0.035325,0.00923,0.001713,0.002868
426,6614.78,3.905e-05,8.545e-05,1.288e-05,0.0015052,0.0008777,8.817e-05,0.035349,0.009234,0.001712,0.002868
427,6618.78,3.902e-05,8.562e-05,1.289e-05,0.001506,0.0008781,8.809e-05,0.035361,0.009232,0.001713,0.00287
428,6618.78,3.91e-05,8.569e-05,1.29e-05,0.001506,0.0008788,8.806e-05,0.035353,0.00923,0.001713,0.002872
429,6620.92,3.914e-05,8.563e-05,1.289e-05,0.0015048,0.0008789,8.824e-05,0.035378,0.009238,0.001713,0.002869
430,6622.57,3.91e-05,8.578e-05,1.288e-05,0.0015059,0.0008788,8.825e-05,0.035372,0.00924,0.001713,0.002869
431,6628.2,3.916e-05,8.562e-05,1.29e-05,0.0015051,0.000879,8.852e-05,0.035385,0.009236,0.001713,0.002867
432,6627.01,3.915e-05,8.576e-05,1.29e-05,0.001506,0.0008782,8.865e-05,0.035376,0.009224,0.001713,0.002864
433,6629.21,3.916e-05,8.546e-05,1.29e-05,0.0015061,0.0008781,8.852e-05,0.035384,0.00923,0.001712,0.002866
434,6623.79,3.914e-05,8.571e-05,1.29e-05,0.0015061,0.0008771,8.833e-05,0.035383,0.009233,0.001714,0.002865
435,6626.86,3.912e-05,8.57e-05,1.29e-05,0.0015062,0.000877,8.809e-05,0.03536,0.009236,0.001712,0.002865
436,6629.46,3.913e-05,8.57e-05,1.29e-05,0.0015062,0.0008765,8.815e-05,0.035357,0.009236,0.001713,0.002869
437,6626.91,3.903e-05,8.542e-05,1.292e-05,0.0015053,0.0008772,8.817e-05,0.035343,0.009234,0.001714,0.002864
438,6627.03,3.906e-05,8.558e-05,1.291e-05,0.0015052,0.0008784,8.813e-05,0.035362,0.009234,0.001713,0.002864
439,6626.7,3.907e-05,8.571e-05,1.29e-05,0.0015046,0.0008763,8.812e-05,0.035354,0.009226,0.001712,0.002866
440,6623.79,3.907e-05,8.545e-05,1.29e-05,0.0015055,0.0008779,8.81e-05,0.035347,0.009231,0.001712,0.002866
441,6621.37,3.912e-05,8.554e-05,1.29e-05,0.0015054,0.000878,8.803e-05,0.035348,0.009236,0.001712,0.002865
442,6619.4,3.911e-05,8.57e-05,1.292e-05,0.0015055,0.0008776,8.811e-05,0.035348,0.00923,0.001713,0.002865
443,6620.27,3.915e-05,8.556e-05,1.291e-05,0.0015049,0.0008769,8.799e-05,0.03533,0.009232,0.001713,0.002865
444,6618.07,3.913e-05,8.571e-05,1.291e-05,0.0015051,0.0008765,8.801e-05,0.035357,0.009236,0.001715,0.002866
445,6620.0,3.909e-05,8.571e-05,1.29e-05,0.0015053,0.0008777,8.802e-05,0.035333,0.009235,0.001714,0.002866
446,6624.05,3.915e-05,8.554e-05,1.289e-05,0.0015064,0.0008761,8.831e-05,0.035331,0.009231,0.001714,0.002867
447,6617.37,3.912e-05,8.572e-05,1.29e-05,0.0015059,0.0008774,8.823e-05,0.035334,0.009232,0.001715,0.002866
448,6619.97,3.911e-05,8.574e-05,1.29e-05,0.0015054,0.0008761,8.824e-05,0.035348,0.009238,0.001714,0.00287
449,6619.49,3.915e-05,8.575e-05,1.29e-05,0.0015058,0.0008766,8.838e-05,0.035354,0.00924,0.001713,0.002867
450,6622.0,3.908e-05,8.561e-05,1.29e-05,0.0015055,0.0008762,8.833e-05,0.035361,0.009237,0.001714,0.00287
451,6624.09,3.907e-05,8.562e-05,1.29e-05,0.0015058,0.0008766,8.841e-05,0.035367,0.009237,0.001715,0.002868
452,6624.54,3.905e-05,8.547e-05,1.29e-05,0.0015055,0.0008764,8.85e-05,0.035383,0.009238,0.001715,0.002867
453,6626.0,3.91e-05,8.562e-05,1.289e-05,0.0015018,0.0008773,8.853e-05,0.035382,0.009248,0.001713,0.002867
454,6628.43,3.912e-05,8.552e-05,1.289e-05,0.0015042,0.0008776,8.887e-05,0.035393,0.009244,0.001713,0.00287
455,6625.05,3.909e-05,8.572e-05,1.289e-05,0.001503,0.0008772,8.877e-05,0.035391,0.00925,0.001714,0.00287
456,6626.63,3.909e-05,8.553e-05,1.29e-05,0.001504,0.0008771,8.863e-05,0.035385,0.00925,0.001714,0.002869
457,6626.34,3.916e-05,8.573e-05,1.289e-05,0.0015049,0.000877,8.852e-05,0.035384,0.00924,0.001714,0.002867
458,6623.04,3.915e-05,8.563e-05,1.289e-05,0.0015047,0.0008757,8.887e-05,0.035381,0.009243,0.001712,0.002865
459,6623.01,3.913e-05,8.579e-05,1.288e-05,0.0015048,0.0008761,8.858e-05,0.035377,0.009243,0.001712,0.002872
460,6622.0,3.916e-05,8.579e-05,1.287e-05,0.0015049,0.0008773,8.863e-05,0.035375,0.009249,0.001714,0.002865
461,6625.97,3.917e-05,8.568e-05,1.287e-05,0.0015051,0.0008773,8.859e-05,0.035382,0.009244,0.001712,0.002866
462,6622.63,3.916e-05,8.568e-05,1.288e-05,0.0015052,0.0008761,8.864e-05,0.03537,0.009246,0.001714,0.002868
463,6625.52,3.914e-05,8.586e-05,1.287e-05,0.0015042,0.0008771,8.87e-05,0.03538,0.009243,0.001714,0.00288
464,6623.27,3.914e-05,8.566e-05,1.288e-05,0.0015044,0.0008768,8.868e-05,0.03538,0.009242,0.001713,0.002869
465,6622.57,3.914e-05,8.561e-05,1.288e-05,0.0015044,0.0008774,8.867e-05,0.035385,0.009247,0.001714,0.002865
466,6624.91,3.915e-05,8.567e-05,1.288e-05,0.0015055,0.0008774,8.862e-05,0.03539,0.00925,0.001714,0.00287
467,6625.59,3.914e-05,8.561e-05,1.287e-05,0.0015063,0.0008769,8.874e-05,0.035385,0.009249,0.001714,0.002868
468,6623.28,3.914e-05,8.561e-05,1.288e-05,0.0015063,0.0008771,8.879e-05,0.035395,0.009249,0.001715,0.002871
469,6625.5,3.913e-05,8.589e-05,1.288e-05,0.0015063,0.0008779,8.887e-05,0.035399,0.009248,0.001714,0.002868
470,6624.03,3.914e-05,8.589e-05,1.288e-05,0.0015061,0.0008778,8.9e-05,0.035424,0.00925,0.001715,0.002865
471,6624.46,3.914e-05,8.588e-05,1.287e-05,0.0015063,0.0008772,8.911e-05,0.03543,0.00925,0.001716,0.002864
472,6627.74,3.914e-05,8.588e-05,1.285e-05,0.0015067,0.0008798,8.886e-05,0.035443,0.009248,0.001715,0.002865
473,6624.86,3.916e-05,8.57e-05,1.286e-05,0.0015071,0.0008787,8.895e-05,0.035452,0.009249,0.001714,0.002865
474,6623.55,3.916e-05,8.566e-05,1.284e-05,0.0015072,0.0008768,8.876e-05,0.035431,0.009247,0.001713,0.002862
475,6626.98,3.915e-05,8.566e-05,1.285e-05,0.0015072,0.0008783,8.874e-05,0.035413,0.009249,0.001713,0.002863
476,6624.72,3.911e-05,8.566e-05,1.285e-05,0.0015069,0.0008778,8.88e-05,0.035437,0.009254,0.001713,0.002866
477,6625.02,3.913e-05,8.579e-05,1.285e-05,0.0015072,0.0008788,8.881e-05,0.035471,0.00926,0.001715,0.002866
478,6627.0,3.914e-05,8.58e-05,1.286e-05,0.0015072,0.0008789,8.871e-05,0.035434,0.009262,0.001713,0.002869
479,6625.34,3.914e-05,8.58e-05,1.286e-05,0.0015075,0.0008776,8.87e-05,0.035431,0.009258,0.001715,0.002867
480,6627.94,3.914e-05,8.605e-05,1.285e-05,0.0015071,0.0008775,8.843e-05,0.035417,0.009251,0.001715,0.002866
481,6628.85,3.912e-05,8.584e-05,1.287e-05,0.0015071,0.0008783,8.861e-05,0.035418,0.009254,0.001714,0.002866
482,6626.07,3.912e-05,8.584e-05,1.286e-05,0.0015072,0.0008782,8.826e-05,0.035411,0.009253,0.001714,0.002866
483,6627.56,3.911e-05,8.599e-05,1.286e-05,0.0015072,0.0008767,8.826e-05,0.035392,0.009245,0.001713,0.002867
484,6622.99,3.909e-05,8.581e-05,1.287e-05,0.0015073,0.0008776,8.823e-05,0.035381,0.009242,0.001713,0.002866
485,6625.01,3.906e-05,8.581e-05,1.285e-05,0.0015081,0.0008774,8.824e-05,0.035369,0.00924,0.001713,0.002871
486,6618.8,3.909e-05,8.599e-05,1.287e-05,0.0015077,0.0008773,8.812e-05,0.035363,0.009243,0.001714,0.00287
487,6619.14,3.908e-05,8.594e-05,1.286e-05,0.0015068,0.0008774,8.812e-05,0.035345,0.009237,0.001715,0.002869
488,6619.31,3.908e-05,8.577e-05,1.285e-05,0.0015069,0.0008752,8.795e-05,0.035336,0.009238,0.001713,0.002866
489,6619.98,3.911e-05,8.574e-05,1.285e-05,0.001507,0.000875,8.801e-05,0.035355,0.009232,0.001713,0.002865
490,6614.76,3.909e-05,8.566e-05,1.284e-05,0.0015078,0.0008756,8.804e-05,0.035321,0.00924,0.001713,0.002857
491,6612.97,3.91e-05,8.561e-05,1.283e-05,0.0015078,0.0008751,8.81e-05,0.035346,0.009235,0.001715,0.002857
492,6612.99,3.911e-05,8.558e-05,1.283e-05,0.0015063,0.0008768,8.837e-05,0.035356,0.009243,0.001715,0.002857
493,6613.99,3.913e-05,8.558e-05,1.286e-05,0.0015059,0.0008768,8.837e-05,0.035373,0.009244,0.001713,0.002868
494,6615.0,3.919e-05,8.562e-05,1.287e-05,0.0015077,0.0008779,8.84e-05,0.03538,0.009253,0.001715,0.002868
495,6617.77,3.911e-05,8.564e-05,1.288e-05,0.0015077,0.0008771,8.844e-05,0.035397,0.009247,0.001715,0.002867
496,6617.84,3.915e-05,8.583e-05,1.287e-05,0.0015077,0.0008766,8.825e-05,0.035375,0.009247,0.001715,0.002873
497,6617.31,3.911e-05,8.561e-05,1.285e-05,0.0015075,0.0008765,8.816e-05,0.03538,0.00924,0.001715,0.002868
498,6615.62,3.911e-05,8.56e-05,1.286e-05,0.0015082,0.0008757,8.826e-05,0.035345,0.009244,0.001713,0.002867
499,6617.0,3.91e-05,8.56e-05,1.286e-05,0.0015081,0.0008752,8.809e-05,0.035346,0.009248,0.001716,0.002867
