,XLMBTC,IOTABTC,ADABTC,BNBBTC,EOSBTC,XRPBTC,ETHBTC,LTCBTC,ETCBTC,NEOBTC,LTCBTC
0,3.692e-05,8.413e-05,1.2e-05,0.0015032,0.000803,7e-05,0.032821,0.008628,0.001655,0.00272,0.008628
1,3.685e-05,8.375e-05,1.195e-05,0.0015023,0.0008034,6.959e-05,0.032724,0.008604,0.001653,0.002724,0.008604
2,3.68e-05,8.387e-05,1.195e-05,0.0015029,0.000804,6.966e-05,0.032764,0.008604,0.001654,0.002722,0.008604
3,3.674e-05,8.405e-05,1.195e-05,0.0015032,0.0008042,6.99e-05,0.03281,0.008629,0.001652,0.002721,0.008629
4,3.653e-05,8.371e-05,1.191e-05,0.0015022,0.0008044,6.977e-05,0.032761,0.008613,0.001653,0.002718,0.008613
5,3.65e-05,8.296e-05,1.183e-05,0.0015005,0.0007985,6.897e-05,0.032394,0.008572,0.001646,0.00271,0.008572
6,3.65e-05,8.283e-05,1.174e-05,0.0014965,0.0008001,6.88e-05,0.03225,0.008537,0.001644,0.002707,0.008537
7,3.635e-05,8.291e-05,1.173e-05,0.0014964,0.0008004,6.876e-05,0.032101,0.008549,0.001645,0.002707,0.008549
8,3.634e-05,8.295e-05,1.172e-05,0.0015002,0.0008006,6.892e-05,0.032134,0.008554,0.001646,0.002692,0.008554
9,3.65e-05,8.304e-05,1.179e-05,0.0015045,0.0008025,6.938e-05,0.032361,0.008598,0.001641,0.0027,0.008598
10,3.658e-05,8.28e-05,1.178e-05,0.0015041,0.0008027,6.933e-05,0.032317,0.008562,0.001644,0.002696,0.008562
11,3.66e-05,8.291e-05,1.183e-05,0.0015048,0.0008046,6.967e-05,0.03243,0.00859,0.001648,0.002697,0.00859
12,3.654e-05,8.319e-05,1.184e-05,0.001506,0.0008064,6.938e-05,0.032442,0.008608,0.00165,0.002697,0.008608
13,3.656e-05,8.31e-05,1.182e-05,0.0015048,0.0008054,6.918e-05,0.032396,0.008599,0.001649,0.002693,0.008599
14,3.664e-05,8.302e-05,1.184e-05,0.0015037,0.0008054,6.963e-05,0.032501,0.0086,0.00165,0.002702,0.0086
15,3.671e-05,8.33e-05,1.184e-05,0.0015068,0.0008061,6.979e-05,0.032598,0.00861,0.001652,0.002703,0.00861
16,3.679e-05,8.34e-05,1.186e-05,0.0015073,0.0008058,6.958e-05,0.032626,0.008605,0.001652,0.002702,0.008605
17,3.695e-05,8.332e-05,1.19e-05,0.0015086,0.0008095,7.051e-05,0.032781,0.008643,0.001656,0.002716,0.008643
18,3.695e-05,8.354e-05,1.19e-05,0.0015077,0.0008089,7.048e-05,0.03268,0.008634,0.001653,0.00272,0.008634
19,3.7e-05,8.342e-05,1.191e-05,0.0015066,0.0008107,7.12e-05,0.03277,0.008645,0.001653,0.002729,0.008645
20,3.718e-05,8.4e-05,1.198e-05,0.0015083,0.0008116,7.172e-05,0.032815,0.008623,0.001652,0.002727,0.008623
21,3.744e-05,8.394e-05,1.199e-05,0.0015126,0.0008126,7.23e-05,0.032862,0.008633,0.001653,0.00273,0.008633
22,3.741e-05,8.387e-05,1.196e-05,0.00151,0.0008121,7.17e-05,0.032814,0.00862,0.001653,0.002729,0.00862
23,3.749e-05,8.382e-05,1.195e-05,0.0015094,0.0008121,7.167e-05,0.032781,0.008604,0.001652,0.002723,0.008604
24,3.748e-05,8.355e-05,1.189e-05,0.0015079,0.0008106,7.141e-05,0.032717,0.008591,0.001652,0.002719,0.008591
25,3.73e-05,8.371e-05,1.194e-05,0.0015069,0.0008114,7.147e-05,0.032754,0.0086,0.001653,0.002721,0.0086
26,3.726e-05,8.359e-05,1.194e-05,0.0015077,0.0008084,7.144e-05,0.032699,0.008604,0.001651,0.002719,0.008604
27,3.739e-05,8.366e-05,1.195e-05,0.0015087,0.000809,7.164e-05,0.032751,0.008615,0.001652,0.002718,0.008615
28,3.726e-05,8.356e-05,1.194e-05,0.001507,0.0008072,7.141e-05,0.032756,0.008614,0.001652,0.002715,0.008614
29,3.732e-05,8.383e-05,1.193e-05,0.0015072,0.0008084,7.136e-05,0.032753,0.008617,0.001652,0.002716,0.008617
30,3.74e-05,8.368e-05,1.193e-05,0.0015027,0.0008057,7.11e-05,0.03278,0.008615,0.001653,0.002717,0.008615
31,3.74e-05,8.381e-05,1.196e-05,0.0015027,0.0008085,7.152e-05,0.032872,0.008613,0.001651,0.002718,0.008613
32,3.737e-05,8.369e-05,1.198e-05,0.0015027,0.0008087,7.145e-05,0.032891,0.008605,0.00165,0.00272,0.008605
33,3.722e-05,8.338e-05,1.195e-05,0.0015005,0.0008074,7.112e-05,0.032736,0.008595,0.001649,0.002711,0.008595
34,3.726e-05,8.312e-05,1.192e-05,0.0014947,0.0008078,7.079e-05,0.032698,0.0086,0.001647,0.002709,0.0086
35,3.693e-05,8.312e-05,1.186e-05,0.0014968,0.0008064,7.052e-05,0.032656,0.008589,0.001648,0.002703,0.008589
36,3.707e-05,8.33e-05,1.186e-05,0.0014985,0.0008057,7.099e-05,0.032644,0.008594,0.001648,0.002715,0.008594
37,3.702e-05,8.327e-05,1.185e-05,0.0014978,0.0008062,7.083e-05,0.032662,0.008599,0.001649,0.002711,0.008599
38,3.706e-05,8.323e-05,1.186e-05,0.001498,0.0008068,7.095e-05,0.032661,0.008592,0.001647,0.002708,0.008592
39,3.711e-05,8.322e-05,1.185e-05,0.0014975,0.0008074,7.067e-05,0.032607,0.008569,0.001646,0.002706,0.008569
40,3.709e-05,8.316e-05,1.184e-05,0.0014962,0.0008067,7.069e-05,0.032602,0.008576,0.001645,0.002706,0.008576
41,3.702e-05,8.306e-05,1.185e-05,0.0014983,0.0008083,7.066e-05,0.032675,0.008603,0.001642,0.0027,0.008603
42,3.716e-05,8.309e-05,1.185e-05,0.0014997,0.0008089,7.104e-05,0.032732,0.0086,0.001646,0.002701,0.0086
43,3.713e-05,8.319e-05,1.187e-05,0.001498,0.0008096,7.108e-05,0.032733,0.008584,0.001647,0.002702,0.008584
44,3.711e-05,8.316e-05,1.189e-05,0.0014964,0.0008093,7.121e-05,0.032751,0.008593,0.001649,0.002702,0.008593
45,3.712e-05,8.315e-05,1.183e-05,0.0014938,0.0008094,7.141e-05,0.032785,0.008605,0.001645,0.002702,0.008605
46,3.715e-05,8.29e-05,1.179e-05,0.0014931,0.0008085,7.147e-05,0.032758,0.008603,0.001647,0.002699,0.008603
47,3.716e-05,8.298e-05,1.181e-05,0.0014929,0.0008096,7.132e-05,0.032751,0.008611,0.001648,0.002699,0.008611
48,3.715e-05,8.287e-05,1.184e-05,0.0014931,0.0008095,7.138e-05,0.032753,0.008621,0.001648,0.002701,0.008621
49,3.699e-05,8.267e-05,1.18e-05,0.0014868,0.0008088,7.098e-05,0.032711,0.008631,0.001644,0.002692,0.008631
50,3.7e-05,8.285e-05,1.179e-05,0.0014851,0.0008075,7.097e-05,0.03273,0.008622,0.001646,0.002692,0.008622
51,3.698e-05,8.268e-05,1.178e-05,0.0014845,0.0008081,7.101e-05,0.032723,0.008635,0.001645,0.002695,0.008635
52,3.699e-05,8.282e-05,1.174e-05,0.0014865,0.0008071,7.082e-05,0.032704,0.008615,0.001645,0.002693,0.008615
53,3.691e-05,8.261e-05,1.175e-05,0.001485,0.0008029,7.062e-05,0.032616,0.008613,0.001644,0.002695,0.008613
54,3.703e-05,8.309e-05,1.177e-05,0.0014881,0.0008062,7.072e-05,0.032766,0.008655,0.001647,0.002698,0.008655
55,3.715e-05,8.291e-05,1.18e-05,0.0014864,0.000808,7.067e-05,0.032721,0.008685,0.001647,0.002693,0.008685
56,3.712e-05,8.276e-05,1.178e-05,0.0014866,0.0008063,7.041e-05,0.032731,0.008719,0.001648,0.002691,0.008719
57,3.715e-05,8.293e-05,1.178e-05,0.0014869,0.0008067,7.068e-05,0.032758,0.008704,0.001647,0.002696,0.008704
58,3.709e-05,8.311e-05,1.179e-05,0.0014884,0.0008058,7.085e-05,0.032837,0.008712,0.00165,0.002701,0.008712
59,3.711e-05,8.319e-05,1.183e-05,0.0014889,0.0008081,7.111e-05,0.032964,0.008757,0.001652,0.002707,0.008757
60,3.723e-05,8.311e-05,1.184e-05,0.0014882,0.0008073,7.096e-05,0.032936,0.008763,0.001651,0.002706,0.008763
61,3.72e-05,8.306e-05,1.182e-05,0.0014879,0.0008059,7.086e-05,0.032959,0.008769,0.001651,0.002707,0.008769
62,3.725e-05,8.315e-05,1.19e-05,0.0014884,0.0008102,7.136e-05,0.033049,0.00878,0.001652,0.002718,0.00878
63,3.736e-05,8.31e-05,1.189e-05,0.001489,0.0008085,7.138e-05,0.033093,0.008792,0.001652,0.002717,0.008792
64,3.737e-05,8.337e-05,1.19e-05,0.0014896,0.0008092,7.14e-05,0.033092,0.008806,0.001651,0.002716,0.008806
65,3.738e-05,8.357e-05,1.194e-05,0.0014901,0.0008092,7.132e-05,0.033152,0.008807,0.001653,0.002724,0.008807
66,3.738e-05,8.356e-05,1.189e-05,0.0014889,0.0008076,7.115e-05,0.033118,0.008774,0.001652,0.002725,0.008774
67,3.737e-05,8.321e-05,1.19e-05,0.0014876,0.0008076,7.102e-05,0.033055,0.008773,0.001653,0.002719,0.008773
68,3.735e-05,8.345e-05,1.188e-05,0.0014883,0.0008067,7.096e-05,0.033029,0.008797,0.001654,0.002718,0.008797
69,3.732e-05,8.343e-05,1.182e-05,0.0014851,0.000804,7.07e-05,0.03293,0.008789,0.001652,0.002707,0.008789
70,3.74e-05,8.345e-05,1.186e-05,0.0014841,0.000804,7.075e-05,0.032939,0.008769,0.001649,0.002708,0.008769
71,3.743e-05,8.336e-05,1.183e-05,0.0014839,0.0008035,7.092e-05,0.032992,0.008805,0.001651,0.002719,0.008805
72,3.725e-05,8.331e-05,1.183e-05,0.0014863,0.0008029,7.084e-05,0.032985,0.008786,0.001654,0.00272,0.008786
73,3.715e-05,8.306e-05,1.182e-05,0.0014852,0.000803,7.068e-05,0.03296,0.008785,0.001653,0.002709,0.008785
74,3.73e-05,8.318e-05,1.186e-05,0.0014854,0.000804,7.085e-05,0.032952,0.008779,0.00165,0.002716,0.008779
75,3.715e-05,8.35e-05,1.188e-05,0.0014865,0.0008046,7.094e-05,0.032999,0.008758,0.001652,0.002723,0.008758
76,3.717e-05,8.345e-05,1.186e-05,0.001485,0.000804,7.094e-05,0.032914,0.008749,0.00165,0.002717,0.008749
77,3.723e-05,8.332e-05,1.187e-05,0.0014854,0.000805,7.105e-05,0.032926,0.008768,0.001645,0.002719,0.008768
78,3.721e-05,8.356e-05,1.187e-05,0.0014842,0.0008052,7.109e-05,0.032932,0.008762,0.001648,0.002721,0.008762
79,3.717e-05,8.368e-05,1.188e-05,0.001483,0.0008049,7.096e-05,0.032897,0.008761,0.001645,0.002721,0.008761
80,3.721e-05,8.353e-05,1.189e-05,0.0014839,0.0008047,7.1e-05,0.032833,0.008755,0.001644,0.002723,0.008755
81,3.709e-05,8.348e-05,1.186e-05,0.0014808,0.0008025,7.055e-05,0.032711,0.008734,0.001646,0.002714,0.008734
82,3.716e-05,8.347e-05,1.188e-05,0.0014831,0.0008031,7.089e-05,0.0328,0.008742,0.001647,0.002718,0.008742
83,3.715e-05,8.33e-05,1.188e-05,0.0014839,0.0008022,7.08e-05,0.032745,0.008716,0.001645,0.002711,0.008716
84,3.708e-05,8.321e-05,1.187e-05,0.0014813,0.0007961,7.028e-05,0.032656,0.008691,0.001643,0.002703,0.008691
85,3.694e-05,8.298e-05,1.184e-05,0.001482,0.0007944,7.022e-05,0.032657,0.008691,0.001646,0.002697,0.008691
86,3.716e-05,8.324e-05,1.19e-05,0.0014879,0.000812,7.062e-05,0.032802,0.008747,0.001647,0.002714,0.008747
87,3.728e-05,8.328e-05,1.195e-05,0.0014937,0.0008324,7.094e-05,0.03291,0.008752,0.001652,0.002711,0.008752
88,3.715e-05,8.342e-05,1.196e-05,0.0014934,0.0008254,7.087e-05,0.032859,0.008742,0.00165,0.00271,0.008742
89,3.733e-05,8.357e-05,1.198e-05,0.0014931,0.0008405,7.105e-05,0.032841,0.008747,0.001651,0.00272,0.008747
90,3.723e-05,8.355e-05,1.195e-05,0.0014922,0.0008348,7.073e-05,0.03281,0.008755,0.001649,0.002714,0.008755
91,3.724e-05,8.356e-05,1.198e-05,0.0014945,0.0008342,7.077e-05,0.03278,0.008772,0.00165,0.00272,0.008772
92,3.722e-05,8.384e-05,1.195e-05,0.0014905,0.00083,7.013e-05,0.032773,0.008758,0.001655,0.002716,0.008758
93,3.716e-05,8.39e-05,1.195e-05,0.0014914,0.0008323,7.024e-05,0.032838,0.008785,0.001656,0.002713,0.008785
94,3.721e-05,8.388e-05,1.195e-05,0.0014924,0.0008311,7.027e-05,0.032815,0.008768,0.001657,0.002718,0.008768
95,3.718e-05,8.4e-05,1.195e-05,0.00149,0.0008368,7.037e-05,0.032751,0.008782,0.00166,0.002719,0.008782
96,3.717e-05,8.372e-05,1.197e-05,0.0014914,0.0008382,7.033e-05,0.032767,0.008791,0.001668,0.002729,0.008791
97,3.714e-05,8.388e-05,1.197e-05,0.0014918,0.0008388,7.018e-05,0.032831,0.00878,0.001668,0.002734,0.00878
98,3.725e-05,8.354e-05,1.194e-05,0.0014898,0.0008361,6.99e-05,0.032831,0.00878,0.001669,0.002731,0.00878
99,3.712e-05,8.377e-05,1.194e-05,0.0014889,0.0008363,6.966e-05,0.032846,0.008773,0.001668,0.002731,0.008773
100,3.709e-05,8.377e-05,1.194e-05,0.001491,0.0008339,6.961e-05,0.032894,0.008789,0.001668,0.002733,0.008789
101,3.718e-05,8.395e-05,1.195e-05,0.0014917,0.0008356,6.982e-05,0.032886,0.008803,0.001668,0.002735,0.008803
102,3.723e-05,8.43e-05,1.201e-05,0.0014941,0.0008397,7.003e-05,0.032995,0.008844,0.00167,0.00274,0.008844
103,3.732e-05,8.479e-05,1.204e-05,0.0014918,0.000846,6.992e-05,0.032983,0.008838,0.001669,0.002743,0.008838
104,3.732e-05,8.461e-05,1.208e-05,0.0014929,0.0008466,6.998e-05,0.032931,0.008845,0.001671,0.002737,0.008845
105,3.733e-05,8.48e-05,1.212e-05,0.0014925,0.0008494,6.993e-05,0.032987,0.008849,0.001673,0.002744,0.008849
106,3.738e-05,8.617e-05,1.21e-05,0.0014917,0.0008458,6.97e-05,0.032969,0.008842,0.001671,0.002746,0.008842
107,3.742e-05,8.82e-05,1.211e-05,0.0014929,0.0008498,6.967e-05,0.033031,0.008859,0.00167,0.002749,0.008859
108,3.749e-05,8.736e-05,1.213e-05,0.0014923,0.0008499,6.96e-05,0.033006,0.00886,0.001673,0.002752,0.00886
109,3.754e-05,8.776e-05,1.219e-05,0.0014961,0.0008471,7.022e-05,0.033068,0.00887,0.001763,0.002754,0.00887
110,3.777e-05,8.749e-05,1.221e-05,0.0014966,0.0008449,7.025e-05,0.033087,0.008894,0.001763,0.002759,0.008894
111,3.808e-05,8.776e-05,1.23e-05,0.0015003,0.0008467,7.094e-05,0.033179,0.008944,0.001768,0.00277,0.008944
112,3.795e-05,8.82e-05,1.226e-05,0.0014969,0.0008455,7.054e-05,0.033186,0.008955,0.001759,0.00278,0.008955
113,3.805e-05,8.851e-05,1.234e-05,0.0014982,0.000847,7.062e-05,0.033481,0.008995,0.001756,0.002784,0.008995
114,3.789e-05,8.787e-05,1.234e-05,0.0014952,0.0008446,7.075e-05,0.033552,0.008999,0.00174,0.002776,0.008999
115,3.772e-05,8.769e-05,1.232e-05,0.0014931,0.0008451,7.061e-05,0.033573,0.009023,0.001744,0.002785,0.009023
116,3.779e-05,8.695e-05,1.23e-05,0.0014931,0.0008448,7.067e-05,0.03343,0.008983,0.001737,0.002767,0.008983
117,3.769e-05,8.681e-05,1.231e-05,0.0014908,0.0008448,7.054e-05,0.033326,0.00898,0.001734,0.002762,0.00898
118,3.77e-05,8.685e-05,1.229e-05,0.0014941,0.0008442,7.082e-05,0.033424,0.00901,0.001739,0.00277,0.00901
119,3.776e-05,8.711e-05,1.228e-05,0.0014953,0.0008445,7.066e-05,0.033601,0.009012,0.00175,0.002777,0.009012
120,3.783e-05,8.717e-05,1.229e-05,0.0014969,0.0008453,7.07e-05,0.033643,0.009021,0.00175,0.002785,0.009021
121,3.791e-05,8.754e-05,1.232e-05,0.0014998,0.0008451,7.073e-05,0.033688,0.00903,0.001749,0.002783,0.00903
122,3.815e-05,8.711e-05,1.234e-05,0.0015027,0.0008443,7.092e-05,0.033666,0.009025,0.00174,0.002786,0.009025
123,3.838e-05,8.69e-05,1.235e-05,0.001501,0.0008442,7.089e-05,0.03369,0.009033,0.001738,0.00279,0.009033
124,3.829e-05,8.67e-05,1.231e-05,0.0014998,0.000844,7.093e-05,0.033726,0.009028,0.001733,0.002787,0.009028
125,3.82e-05,8.662e-05,1.226e-05,0.0014961,0.0008379,7.118e-05,0.033485,0.00898,0.001735,0.002778,0.00898
126,3.824e-05,8.684e-05,1.227e-05,0.0014983,0.0008405,7.2e-05,0.03357,0.009008,0.001734,0.002784,0.009008
127,3.885e-05,8.686e-05,1.228e-05,0.0015017,0.0008389,7.309e-05,0.033642,0.009018,0.00173,0.002789,0.009018
128,3.882e-05,8.68e-05,1.237e-05,0.0015023,0.0008418,7.502e-05,0.033693,0.009023,0.00173,0.002786,0.009023
129,3.901e-05,8.756e-05,1.241e-05,0.0015025,0.0008444,7.44e-05,0.033901,0.00905,0.001736,0.002795,0.00905
130,3.88e-05,8.768e-05,1.238e-05,0.0015043,0.0008432,7.52e-05,0.033992,0.009044,0.001736,0.002797,0.009044
131,3.842e-05,8.741e-05,1.233e-05,0.0015032,0.0008373,7.431e-05,0.033826,0.009034,0.001727,0.002797,0.009034
132,3.855e-05,8.711e-05,1.236e-05,0.0015035,0.000838,7.449e-05,0.033867,0.00903,0.001724,0.002787,0.00903
133,3.849e-05,8.716e-05,1.233e-05,0.0015036,0.000835,7.383e-05,0.033715,0.00901,0.00171,0.002788,0.00901
134,3.832e-05,8.717e-05,1.228e-05,0.0015022,0.0008356,7.354e-05,0.033687,0.008996,0.001714,0.002786,0.008996
135,3.832e-05,8.693e-05,1.233e-05,0.0015014,0.0008348,7.414e-05,0.033635,0.008991,0.001714,0.002786,0.008991
136,3.84e-05,8.71e-05,1.234e-05,0.0014926,0.0008382,7.418e-05,0.033709,0.009015,0.001717,0.002785,0.009015
137,3.885e-05,8.75e-05,1.23e-05,0.0014981,0.0008374,7.698e-05,0.033708,0.009006,0.001719,0.002798,0.009006
138,3.888e-05,8.771e-05,1.229e-05,0.0014981,0.0008365,7.67e-05,0.033663,0.009001,0.001718,0.002793,0.009001
139,3.904e-05,8.794e-05,1.238e-05,0.0015003,0.0008408,7.943e-05,0.033678,0.00902,0.00172,0.002798,0.00902
140,3.882e-05,8.804e-05,1.238e-05,0.0014988,0.0008399,7.799e-05,0.03364,0.008987,0.001716,0.002798,0.008987
141,3.88e-05,8.789e-05,1.254e-05,0.0015005,0.000839,7.791e-05,0.033581,0.008974,0.001717,0.002792,0.008974
142,3.889e-05,8.741e-05,1.278e-05,0.0015032,0.0008402,7.822e-05,0.033565,0.008974,0.001715,0.002799,0.008974
143,3.907e-05,8.752e-05,1.261e-05,0.0015033,0.0008379,8.03e-05,0.033579,0.009001,0.001716,0.002801,0.009001
144,3.907e-05,8.73e-05,1.263e-05,0.0015028,0.0008347,8.131e-05,0.033577,0.008946,0.001711,0.002792,0.008946
145,3.921e-05,8.681e-05,1.268e-05,0.0015037,0.0008325,8.168e-05,0.03361,0.008911,0.001712,0.002789,0.008911
146,3.946e-05,8.703e-05,1.265e-05,0.00151,0.0008315,8.296e-05,0.033648,0.008914,0.001709,0.002793,0.008914
147,3.983e-05,8.705e-05,1.26e-05,0.0015125,0.0008337,8.43e-05,0.033682,0.008905,0.001713,0.00279,0.008905
148,3.978e-05,8.686e-05,1.263e-05,0.0015126,0.0008354,8.3e-05,0.033683,0.008911,0.001711,0.002791,0.008911
149,3.98e-05,8.765e-05,1.267e-05,0.0015165,0.0008423,8.398e-05,0.033953,0.008955,0.001723,0.0028,0.008955
150,3.979e-05,8.822e-05,1.269e-05,0.0015213,0.0008421,8.427e-05,0.03404,0.008933,0.001721,0.002802,0.008933
151,3.953e-05,8.756e-05,1.26e-05,0.0015177,0.0008408,8.22e-05,0.033921,0.008916,0.001719,0.002804,0.008916
152,3.895e-05,8.818e-05,1.249e-05,0.0015178,0.0008388,8.113e-05,0.033948,0.008935,0.001722,0.00281,0.008935
153,3.924e-05,8.825e-05,1.256e-05,0.0015214,0.0008377,8.24e-05,0.033945,0.008933,0.001722,0.00282,0.008933
154,3.926e-05,8.849e-05,1.258e-05,0.001524,0.0008407,8.153e-05,0.034064,0.008937,0.001724,0.002823,0.008937
155,3.872e-05,8.728e-05,1.248e-05,0.0015178,0.0008351,7.919e-05,0.033856,0.008909,0.001715,0.002808,0.008909
156,3.858e-05,8.77e-05,1.237e-05,0.0015142,0.000835,7.94e-05,0.033846,0.0089,0.001713,0.002806,0.0089
157,3.849e-05,8.736e-05,1.242e-05,0.0015134,0.0008337,7.976e-05,0.033808,0.008888,0.001711,0.002801,0.008888
158,3.864e-05,8.738e-05,1.24e-05,0.0015144,0.0008352,8.06e-05,0.033851,0.00888,0.001715,0.002797,0.00888
159,3.887e-05,8.724e-05,1.242e-05,0.0015183,0.0008339,8.182e-05,0.033868,0.008885,0.001715,0.002799,0.008885
160,3.863e-05,8.731e-05,1.24e-05,0.0015155,0.0008342,8.069e-05,0.033786,0.008875,0.001715,0.002794,0.008875
161,3.872e-05,8.733e-05,1.238e-05,0.0015162,0.0008336,8.103e-05,0.033716,0.008898,0.001716,0.002798,0.008898
162,3.873e-05,8.709e-05,1.242e-05,0.0015151,0.0008333,8.069e-05,0.033754,0.008894,0.001723,0.002799,0.008894
163,3.89e-05,8.688e-05,1.242e-05,0.001518,0.0008322,7.981e-05,0.033652,0.008899,0.00172,0.00279,0.008899
164,3.88e-05,8.693e-05,1.233e-05,0.0015172,0.0008334,7.971e-05,0.033625,0.00888,0.00172,0.002797,0.00888
165,3.868e-05,8.696e-05,1.231e-05,0.0015164,0.0008333,7.913e-05,0.033619,0.008893,0.001722,0.002795,0.008893
166,3.866e-05,8.69e-05,1.233e-05,0.0015152,0.0008344,8.027e-05,0.033681,0.008887,0.001721,0.002796,0.008887
167,3.853e-05,8.666e-05,1.234e-05,0.0015155,0.0008327,8.003e-05,0.03358,0.008899,0.001719,0.002799,0.008899
168,3.851e-05,8.687e-05,1.24e-05,0.0015164,0.0008344,8.036e-05,0.033565,0.008892,0.001719,0.00279,0.008892
169,3.855e-05,8.643e-05,1.235e-05,0.0015155,0.0008312,8.052e-05,0.033307,0.00886,0.001718,0.00279,0.00886
170,3.841e-05,8.641e-05,1.233e-05,0.0015137,0.0008331,8.053e-05,0.033249,0.008883,0.001716,0.002783,0.008883
171,3.82e-05,8.619e-05,1.228e-05,0.001513,0.0008306,7.941e-05,0.033044,0.008863,0.001716,0.002782,0.008863
172,3.798e-05,8.635e-05,1.221e-05,0.0015084,0.000828,7.857e-05,0.032899,0.008863,0.001712,0.002778,0.008863
173,3.787e-05,8.623e-05,1.219e-05,0.0015064,0.0008239,7.812e-05,0.032793,0.008845,0.001709,0.002754,0.008845
174,3.783e-05,8.615e-05,1.221e-05,0.0015092,0.0008258,7.858e-05,0.032836,0.008859,0.001711,0.00276,0.008859
175,3.774e-05,8.622e-05,1.218e-05,0.0015089,0.0008246,7.781e-05,0.032793,0.008841,0.001711,0.002758,0.008841
176,3.76e-05,8.643e-05,1.213e-05,0.0015087,0.0008248,7.758e-05,0.032877,0.008843,0.001702,0.002757,0.008843
177,3.761e-05,8.616e-05,1.214e-05,0.0015088,0.0008235,7.733e-05,0.032914,0.008847,0.001704,0.002748,0.008847
178,3.783e-05,8.634e-05,1.219e-05,0.00151,0.000827,7.753e-05,0.032953,0.008848,0.001707,0.002754,0.008848
179,3.792e-05,8.618e-05,1.226e-05,0.0015116,0.0008267,7.756e-05,0.032971,0.008861,0.001705,0.002756,0.008861
180,3.797e-05,8.655e-05,1.228e-05,0.0015121,0.0008282,7.821e-05,0.033091,0.008891,0.00171,0.002776,0.008891
181,3.794e-05,8.64e-05,1.232e-05,0.0015133,0.000829,7.769e-05,0.033073,0.008883,0.00171,0.002769,0.008883
182,3.776e-05,8.627e-05,1.226e-05,0.0015099,0.0008251,7.74e-05,0.03299,0.008885,0.001707,0.002761,0.008885
183,3.778e-05,8.652e-05,1.227e-05,0.001507,0.0008279,7.79e-05,0.032959,0.008891,0.001709,0.002761,0.008891
184,3.773e-05,8.655e-05,1.219e-05,0.0015055,0.0008276,7.74e-05,0.032857,0.008872,0.001706,0.00276,0.008872
185,3.766e-05,8.685e-05,1.223e-05,0.0015053,0.0008285,7.666e-05,0.032839,0.008897,0.001708,0.002762,0.008897
186,3.756e-05,8.667e-05,1.22e-05,0.0015013,0.0008256,7.658e-05,0.032752,0.00888,0.001704,0.002754,0.00888
187,3.767e-05,8.706e-05,1.221e-05,0.0015006,0.0008248,7.675e-05,0.032802,0.008896,0.001705,0.002749,0.008896
188,3.757e-05,8.69e-05,1.22e-05,0.0015004,0.0008239,7.691e-05,0.032823,0.008876,0.001702,0.002744,0.008876
189,3.76e-05,8.655e-05,1.218e-05,0.0015004,0.0008218,7.67e-05,0.032759,0.008884,0.001701,0.002736,0.008884
190,3.743e-05,8.66e-05,1.216e-05,0.0015017,0.0008228,7.675e-05,0.032698,0.008881,0.0017,0.002739,0.008881
191,3.71e-05,8.656e-05,1.204e-05,0.0015066,0.0008221,7.604e-05,0.032648,0.00888,0.001699,0.002734,0.00888
192,3.719e-05,8.666e-05,1.207e-05,0.0015025,0.0008247,7.679e-05,0.03263,0.008884,0.0017,0.002736,0.008884
193,3.726e-05,8.663e-05,1.211e-05,0.001504,0.0008274,7.739e-05,0.032821,0.008887,0.001705,0.00274,0.008887
194,3.731e-05,8.612e-05,1.211e-05,0.0015009,0.0008266,7.753e-05,0.032803,0.008902,0.001705,0.002736,0.008902
195,3.731e-05,8.605e-05,1.209e-05,0.0014985,0.0008267,7.718e-05,0.032805,0.008897,0.001706,0.002738,0.008897
196,3.729e-05,8.619e-05,1.208e-05,0.001498,0.0008242,7.714e-05,0.032803,0.008899,0.001706,0.002739,0.008899
197,3.729e-05,8.624e-05,1.208e-05,0.0014982,0.0008248,7.698e-05,0.032817,0.008897,0.001704,0.002743,0.008897
198,3.742e-05,8.613e-05,1.214e-05,0.001499,0.0008268,7.764e-05,0.032859,0.008899,0.001708,0.00274,0.008899
199,3.743e-05,8.58e-05,1.212e-05,0.001501,0.000828,7.749e-05,0.032863,0.008906,0.001706,0.002732,0.008906
200,3.74e-05,8.558e-05,1.21e-05,0.001501,0.0008292,7.761e-05,0.032802,0.008884,0.001707,0.002728,0.008884
201,3.746e-05,8.515e-05,1.207e-05,0.0014973,0.0008275,7.777e-05,0.03276,0.0089,0.001706,0.002728,0.0089
202,3.737e-05,8.53e-05,1.206e-05,0.0014983,0.0008267,7.753e-05,0.032769,0.008884,0.001706,0.002731,0.008884
203,3.742e-05,8.539e-05,1.198e-05,0.0015,0.0008252,7.727e-05,0.032702,0.008882,0.001703,0.002737,0.008882
204,3.747e-05,8.536e-05,1.203e-05,0.0014996,0.0008239,7.687e-05,0.03266,0.008894,0.001705,0.002735,0.008894
205,3.76e-05,8.523e-05,1.201e-05,0.0015005,0.0008258,7.739e-05,0.03269,0.008883,0.001704,0.002731,0.008883
206,3.771e-05,8.539e-05,1.2e-05,0.0015019,0.0008256,7.77e-05,0.032719,0.008868,0.001702,0.00273,0.008868
207,3.777e-05,8.548e-05,1.211e-05,0.0015069,0.0008273,7.93e-05,0.032835,0.008888,0.001705,0.002746,0.008888
208,3.799e-05,8.58e-05,1.212e-05,0.0015079,0.0008278,8.044e-05,0.033001,0.008904,0.001705,0.002743,0.008904
209,3.802e-05,8.567e-05,1.214e-05,0.0015069,0.0008272,7.99e-05,0.032898,0.008902,0.001703,0.002745,0.008902
210,3.782e-05,8.547e-05,1.213e-05,0.0015055,0.0008281,7.905e-05,0.032877,0.008911,0.001706,0.002741,0.008911
211,3.796e-05,8.54e-05,1.21e-05,0.0015058,0.0008289,7.926e-05,0.032943,0.008913,0.001707,0.002744,0.008913
212,3.822e-05,8.562e-05,1.215e-05,0.0015074,0.0008305,8.129e-05,0.03298,0.008932,0.001707,0.002745,0.008932
213,3.828e-05,8.583e-05,1.218e-05,0.0015079,0.0008304,8.101e-05,0.032961,0.008938,0.001705,0.002749,0.008938
214,3.829e-05,8.589e-05,1.225e-05,0.001505,0.0008303,8.11e-05,0.033081,0.008939,0.001712,0.002743,0.008939
215,3.849e-05,8.569e-05,1.226e-05,0.0015083,0.0008316,8.082e-05,0.033138,0.008936,0.001716,0.002747,0.008936
216,3.848e-05,8.569e-05,1.227e-05,0.0015078,0.0008326,8.161e-05,0.033111,0.008911,0.001718,0.00275,0.008911
217,3.839e-05,8.58e-05,1.226e-05,0.0015098,0.000832,8.1e-05,0.033108,0.008933,0.001715,0.002759,0.008933
218,3.821e-05,8.577e-05,1.23e-05,0.00151,0.0008301,8.078e-05,0.033226,0.008935,0.001715,0.002759,0.008935
219,3.81e-05,8.606e-05,1.229e-05,0.0015089,0.0008305,8.025e-05,0.033231,0.008931,0.001712,0.00277,0.008931
220,3.824e-05,8.61e-05,1.233e-05,0.001508,0.0008297,8.016e-05,0.033177,0.008905,0.001707,0.00277,0.008905
221,3.827e-05,8.581e-05,1.231e-05,0.0015082,0.0008293,8.025e-05,0.033078,0.008915,0.0017,0.002763,0.008915
222,3.839e-05,8.583e-05,1.226e-05,0.0015053,0.0008301,7.96e-05,0.033082,0.008902,0.0017,0.002762,0.008902
223,3.82e-05,8.597e-05,1.23e-05,0.0015065,0.0008308,7.998e-05,0.033123,0.008914,0.001702,0.002766,0.008914
224,3.82e-05,8.579e-05,1.227e-05,0.0015027,0.0008302,7.97e-05,0.033081,0.008913,0.001703,0.002762,0.008913
225,3.835e-05,8.581e-05,1.228e-05,0.0015064,0.0008305,8.03e-05,0.033088,0.00891,0.001703,0.002769,0.00891
226,3.822e-05,8.593e-05,1.229e-05,0.0015051,0.0008304,7.993e-05,0.033085,0.008899,0.001703,0.002766,0.008899
227,3.829e-05,8.612e-05,1.235e-05,0.0015057,0.00083,8.08e-05,0.033113,0.008904,0.001701,0.002767,0.008904
228,3.837e-05,8.603e-05,1.235e-05,0.0015089,0.0008316,8.09e-05,0.033194,0.008913,0.001704,0.002772,0.008913
229,3.84e-05,8.62e-05,1.229e-05,0.0015086,0.0008322,8.058e-05,0.03309,0.008903,0.001704,0.002765,0.008903
230,3.836e-05,8.598e-05,1.225e-05,0.001507,0.0008294,8.013e-05,0.032966,0.008888,0.001701,0.002767,0.008888
231,3.833e-05,8.575e-05,1.227e-05,0.0015072,0.0008292,8.028e-05,0.03291,0.008894,0.001697,0.002763,0.008894
232,3.829e-05,8.578e-05,1.229e-05,0.001507,0.00083,8.006e-05,0.032898,0.008899,0.001697,0.002761,0.008899
233,3.821e-05,8.596e-05,1.23e-05,0.0015081,0.0008293,8.037e-05,0.032948,0.00887,0.0017,0.002768,0.00887
234,3.812e-05,8.579e-05,1.23e-05,0.0015067,0.0008313,7.996e-05,0.03295,0.008868,0.001699,0.002767,0.008868
235,3.81e-05,8.599e-05,1.234e-05,0.0015099,0.0008322,8.015e-05,0.032987,0.008875,0.001701,0.002771,0.008875
236,3.825e-05,8.598e-05,1.231e-05,0.0015096,0.0008323,8.007e-05,0.032981,0.008865,0.001701,0.002769,0.008865
237,3.819e-05,8.599e-05,1.231e-05,0.00151,0.000833,8.055e-05,0.033074,0.008884,0.001699,0.002776,0.008884
238,3.819e-05,8.62e-05,1.235e-05,0.0015105,0.0008339,8.049e-05,0.033155,0.008901,0.001699,0.002777,0.008901
239,3.819e-05,8.63e-05,1.234e-05,0.0015139,0.000837,8.089e-05,0.033154,0.008902,0.001699,0.002783,0.008902
240,3.82e-05,8.633e-05,1.236e-05,0.0015129,0.0008354,8.093e-05,0.033152,0.008902,0.001702,0.00278,0.008902
241,3.817e-05,8.644e-05,1.238e-05,0.001514,0.0008348,8.207e-05,0.033171,0.008905,0.001707,0.002782,0.008905
242,3.845e-05,8.65e-05,1.245e-05,0.001514,0.0008375,8.357e-05,0.03326,0.008916,0.00171,0.002787,0.008916
243,3.84e-05,8.676e-05,1.243e-05,0.0015175,0.0008341,8.247e-05,0.03322,0.008904,0.001713,0.002778,0.008904
244,3.834e-05,8.654e-05,1.236e-05,0.0015138,0.0008332,8.257e-05,0.033159,0.008883,0.001705,0.002777,0.008883
245,3.828e-05,8.642e-05,1.238e-05,0.0015149,0.000833,8.24e-05,0.033154,0.008887,0.001707,0.002771,0.008887
246,3.828e-05,8.636e-05,1.236e-05,0.0015126,0.0008315,8.158e-05,0.033102,0.00889,0.001706,0.002764,0.00889
247,3.842e-05,8.664e-05,1.237e-05,0.0015138,0.0008333,8.219e-05,0.033175,0.008889,0.00171,0.002771,0.008889
248,3.87e-05,8.649e-05,1.236e-05,0.0015138,0.000835,8.259e-05,0.033217,0.008883,0.001708,0.002764,0.008883
249,3.892e-05,8.684e-05,1.237e-05,0.0015135,0.000834,8.241e-05,0.033206,0.008879,0.001708,0.002768,0.008879
250,3.875e-05,8.661e-05,1.236e-05,0.0015119,0.0008329,8.252e-05,0.033185,0.008881,0.001704,0.002772,0.008881
251,3.876e-05,8.657e-05,1.234e-05,0.0015135,0.0008329,8.228e-05,0.033174,0.008888,0.001704,0.002765,0.008888
252,3.896e-05,8.653e-05,1.234e-05,0.0015106,0.0008336,8.261e-05,0.033172,0.008888,0.001704,0.002765,0.008888
253,3.896e-05,8.644e-05,1.236e-05,0.001508,0.0008335,8.278e-05,0.033191,0.008882,0.001704,0.002762,0.008882
254,3.898e-05,8.65e-05,1.234e-05,0.00151,0.0008324,8.215e-05,0.03315,0.008873,0.001702,0.002763,0.008873
255,3.884e-05,8.601e-05,1.233e-05,0.0015073,0.0008324,8.17e-05,0.033091,0.008877,0.001701,0.002753,0.008877
256,3.868e-05,8.62e-05,1.23e-05,0.0015034,0.000831,8.081e-05,0.033047,0.00887,0.0017,0.002754,0.00887
257,3.842e-05,8.586e-05,1.22e-05,0.0015038,0.0008293,8.078e-05,0.032998,0.008868,0.001701,0.002749,0.008868
258,3.845e-05,8.578e-05,1.228e-05,0.0015035,0.0008292,8.132e-05,0.032988,0.008865,0.001699,0.002754,0.008865
259,3.85e-05,8.59e-05,1.226e-05,0.001505,0.0008306,8.099e-05,0.033018,0.008849,0.001701,0.002751,0.008849
260,3.845e-05,8.591e-05,1.227e-05,0.001503,0.000832,8.135e-05,0.032975,0.008864,0.001702,0.002751,0.008864
261,3.848e-05,8.592e-05,1.227e-05,0.0015046,0.0008309,8.096e-05,0.032958,0.008864,0.001701,0.002744,0.008864
262,3.85e-05,8.591e-05,1.228e-05,0.0015024,0.0008295,8.138e-05,0.032886,0.008847,0.001702,0.00274,0.008847
263,3.854e-05,8.644e-05,1.229e-05,0.0015028,0.0008312,8.165e-05,0.032954,0.008847,0.0017,0.002745,0.008847
264,3.857e-05,8.593e-05,1.225e-05,0.0015024,0.0008303,8.138e-05,0.03292,0.00884,0.001699,0.002743,0.00884
265,3.834e-05,8.56e-05,1.225e-05,0.0015028,0.0008294,8.071e-05,0.032909,0.008825,0.001691,0.002741,0.008825
266,3.82e-05,8.582e-05,1.226e-05,0.0015025,0.0008281,8.124e-05,0.0329,0.00883,0.001691,0.00274,0.00883
267,3.817e-05,8.611e-05,1.225e-05,0.0015029,0.0008264,8.095e-05,0.032876,0.008789,0.001685,0.002737,0.008789
268,3.825e-05,8.607e-05,1.221e-05,0.0015034,0.0008283,8.058e-05,0.032863,0.008789,0.001685,0.002737,0.008789
269,3.83e-05,8.62e-05,1.223e-05,0.0015049,0.0008287,8.107e-05,0.032935,0.008805,0.001686,0.002743,0.008805
270,3.834e-05,8.627e-05,1.222e-05,0.001503,0.0008284,8.092e-05,0.032883,0.008796,0.001688,0.002745,0.008796
271,3.836e-05,8.665e-05,1.223e-05,0.0015048,0.0008299,8.097e-05,0.03295,0.008797,0.001689,0.002749,0.008797
272,3.843e-05,8.671e-05,1.22e-05,0.0015048,0.0008297,8.248e-05,0.032973,0.008796,0.001689,0.002751,0.008796
273,3.84e-05,8.667e-05,1.225e-05,0.0015053,0.0008301,8.201e-05,0.032982,0.008793,0.001688,0.00275,0.008793
274,3.837e-05,8.668e-05,1.224e-05,0.0015057,0.0008297,8.19e-05,0.033011,0.008802,0.00169,0.00275,0.008802
275,3.875e-05,8.692e-05,1.232e-05,0.0015123,0.0008318,8.282e-05,0.033059,0.008815,0.001691,0.002759,0.008815
276,3.86e-05,8.684e-05,1.23e-05,0.0015099,0.0008322,8.23e-05,0.033024,0.008807,0.001689,0.002755,0.008807
277,3.868e-05,8.675e-05,1.232e-05,0.0015119,0.0008318,8.224e-05,0.033026,0.008817,0.001691,0.002756,0.008817
278,3.858e-05,8.677e-05,1.23e-05,0.0015074,0.0008313,8.17e-05,0.032931,0.008815,0.001692,0.002744,0.008815
279,3.873e-05,8.671e-05,1.23e-05,0.0015088,0.0008315,8.212e-05,0.033002,0.008819,0.001693,0.002747,0.008819
280,3.867e-05,8.676e-05,1.235e-05,0.0015102,0.0008324,8.222e-05,0.03302,0.008817,0.001695,0.002756,0.008817
281,3.868e-05,8.691e-05,1.234e-05,0.0015084,0.0008338,8.241e-05,0.033035,0.008837,0.001697,0.002758,0.008837
282,3.875e-05,8.737e-05,1.24e-05,0.001511,0.0008354,8.247e-05,0.033071,0.008842,0.001699,0.002759,0.008842
283,3.874e-05,8.721e-05,1.238e-05,0.0015088,0.0008347,8.228e-05,0.033073,0.008841,0.0017,0.002761,0.008841
284,3.858e-05,8.691e-05,1.234e-05,0.0015055,0.0008341,8.221e-05,0.033032,0.008827,0.001697,0.002756,0.008827
285,3.864e-05,8.686e-05,1.238e-05,0.0015068,0.0008347,8.247e-05,0.03305,0.008844,0.001698,0.002763,0.008844
286,3.864e-05,8.69e-05,1.237e-05,0.0015055,0.0008337,8.26e-05,0.033032,0.008844,0.001697,0.002754,0.008844
287,3.871e-05,8.7e-05,1.238e-05,0.001509,0.0008344,8.327e-05,0.033099,0.008853,0.001694,0.002754,0.008853
288,3.893e-05,8.705e-05,1.242e-05,0.0015115,0.0008335,8.56e-05,0.033193,0.008872,0.001694,0.002758,0.008872
289,3.913e-05,8.689e-05,1.239e-05,0.0015101,0.000833,8.473e-05,0.033116,0.00885,0.001694,0.002758,0.00885
290,3.936e-05,8.695e-05,1.249e-05,0.0015126,0.000836,8.623e-05,0.03318,0.008851,0.001697,0.002776,0.008851
291,3.935e-05,8.718e-05,1.252e-05,0.00151,0.0008347,8.622e-05,0.0332,0.008867,0.001698,0.002779,0.008867
292,3.929e-05,8.696e-05,1.247e-05,0.0015096,0.0008325,8.566e-05,0.033121,0.008863,0.001697,0.002779,0.008863
293,3.924e-05,8.7e-05,1.24e-05,0.0015088,0.0008309,8.503e-05,0.033085,0.008835,0.001694,0.002774,0.008835
294,3.933e-05,8.693e-05,1.243e-05,0.0015085,0.0008323,8.535e-05,0.033109,0.008831,0.001692,0.002772,0.008831
295,3.941e-05,8.699e-05,1.247e-05,0.0015106,0.0008326,8.679e-05,0.033213,0.008846,0.001693,0.002775,0.008846
296,3.938e-05,8.694e-05,1.248e-05,0.0015079,0.0008323,8.631e-05,0.03318,0.008829,0.00169,0.002762,0.008829
297,3.95e-05,8.708e-05,1.251e-05,0.0015125,0.0008324,8.721e-05,0.033217,0.008835,0.00169,0.002773,0.008835
298,3.96e-05,8.751e-05,1.254e-05,0.0015148,0.0008326,8.743e-05,0.033225,0.008832,0.001688,0.002785,0.008832
299,3.938e-05,8.71e-05,1.248e-05,0.0015113,0.0008315,8.58e-05,0.033179,0.008806,0.001688,0.002788,0.008806
300,3.943e-05,8.708e-05,1.246e-05,0.0015118,0.0008313,8.588e-05,0.033145,0.00883,0.001689,0.002784,0.00883
301,3.916e-05,8.642e-05,1.243e-05,0.001507,0.000831,8.55e-05,0.033093,0.008817,0.00169,0.002778,0.008817
302,3.912e-05,8.684e-05,1.245e-05,0.0015099,0.0008315,8.579e-05,0.033113,0.008816,0.001691,0.002786,0.008816
303,3.92e-05,8.699e-05,1.242e-05,0.0015081,0.0008309,8.582e-05,0.033116,0.008815,0.001691,0.00278,0.008815
304,3.927e-05,8.698e-05,1.245e-05,0.0015094,0.00083,8.568e-05,0.03315,0.008822,0.00169,0.002781,0.008822
305,3.924e-05,8.715e-05,1.242e-05,0.0015091,0.0008314,8.532e-05,0.033297,0.008827,0.001691,0.002784,0.008827
306,3.92e-05,8.679e-05,1.244e-05,0.0015068,0.000829,8.499e-05,0.033308,0.008821,0.001691,0.002784,0.008821
307,3.898e-05,8.669e-05,1.241e-05,0.0015058,0.0008306,8.449e-05,0.03326,0.008825,0.001691,0.00278,0.008825
308,3.887e-05,8.656e-05,1.236e-05,0.0015047,0.0008263,8.389e-05,0.033167,0.00884,0.001687,0.002783,0.00884
309,3.871e-05,8.671e-05,1.23e-05,0.0015032,0.0008268,8.398e-05,0.033072,0.00883,0.001685,0.002769,0.00883
310,3.878e-05,8.654e-05,1.233e-05,0.0015031,0.0008258,8.386e-05,0.033057,0.008839,0.001684,0.002769,0.008839
311,3.859e-05,8.664e-05,1.231e-05,0.0015014,0.0008256,8.308e-05,0.032961,0.00884,0.001685,0.002762,0.00884
312,3.87e-05,8.678e-05,1.232e-05,0.001503,0.0008262,8.42e-05,0.03303,0.008846,0.001684,0.002773,0.008846
313,3.869e-05,8.663e-05,1.233e-05,0.0015031,0.0008269,8.453e-05,0.03301,0.008833,0.001683,0.002768,0.008833
314,3.863e-05,8.638e-05,1.234e-05,0.0015026,0.0008244,8.422e-05,0.03296,0.00883,0.001682,0.002764,0.00883
315,3.858e-05,8.635e-05,1.227e-05,0.0015004,0.0008251,8.39e-05,0.032918,0.008828,0.001681,0.002762,0.008828
316,3.87e-05,8.645e-05,1.234e-05,0.0015015,0.0008251,8.387e-05,0.03294,0.008831,0.00168,0.002765,0.008831
317,3.882e-05,8.646e-05,1.236e-05,0.0015019,0.0008262,8.429e-05,0.03298,0.008845,0.001681,0.002771,0.008845
318,3.89e-05,8.625e-05,1.237e-05,0.001502,0.0008256,8.472e-05,0.032982,0.008838,0.001681,0.002767,0.008838
319,3.887e-05,8.605e-05,1.234e-05,0.001504,0.0008244,8.411e-05,0.032869,0.008825,0.001681,0.002763,0.008825
320,3.873e-05,8.608e-05,1.226e-05,0.001503,0.0008228,8.353e-05,0.032805,0.008762,0.001682,0.002761,0.008762
321,3.874e-05,8.578e-05,1.226e-05,0.0014992,0.0008236,8.381e-05,0.032835,0.008775,0.001683,0.002763,0.008775
322,3.893e-05,8.59e-05,1.23e-05,0.0015012,0.0008229,8.382e-05,0.032853,0.008779,0.001684,0.002762,0.008779
323,3.892e-05,8.603e-05,1.229e-05,0.0015019,0.0008242,8.421e-05,0.032965,0.008794,0.001683,0.002761,0.008794
324,3.889e-05,8.609e-05,1.232e-05,0.0015037,0.0008252,8.426e-05,0.032962,0.008792,0.001683,0.002761,0.008792
325,3.893e-05,8.623e-05,1.232e-05,0.0015023,0.0008249,8.416e-05,0.032964,0.008787,0.001681,0.002762,0.008787
326,3.893e-05,8.627e-05,1.233e-05,0.001503,0.0008243,8.418e-05,0.032972,0.008789,0.001681,0.002764,0.008789
327,3.89e-05,8.609e-05,1.233e-05,0.0015018,0.0008233,8.433e-05,0.032969,0.008788,0.001681,0.002762,0.008788
328,3.895e-05,8.622e-05,1.238e-05,0.0015008,0.0008232,8.533e-05,0.032945,0.008793,0.001684,0.002767,0.008793
329,3.903e-05,8.621e-05,1.236e-05,0.0015016,0.000822,8.484e-05,0.032918,0.008764,0.001683,0.002759,0.008764
330,3.916e-05,8.618e-05,1.238e-05,0.0015016,0.0008227,8.463e-05,0.03298,0.008776,0.001686,0.002763,0.008776
331,3.935e-05,8.623e-05,1.243e-05,0.001502,0.0008252,8.487e-05,0.033147,0.00881,0.001689,0.00277,0.00881
332,3.924e-05,8.653e-05,1.249e-05,0.0015041,0.0008294,8.51e-05,0.03329,0.008837,0.001693,0.002772,0.008837
333,3.93e-05,8.696e-05,1.255e-05,0.0015067,0.000856,8.541e-05,0.033436,0.008844,0.001697,0.002782,0.008844
334,3.932e-05,8.706e-05,1.249e-05,0.0015077,0.0008601,8.515e-05,0.033421,0.008882,0.001703,0.002784,0.008882
335,3.916e-05,8.709e-05,1.254e-05,0.0015071,0.0008629,8.505e-05,0.033571,0.00892,0.001705,0.002791,0.00892
336,3.927e-05,8.694e-05,1.249e-05,0.0015084,0.0008605,8.43e-05,0.033585,0.008928,0.0017,0.002794,0.008928
337,3.927e-05,8.702e-05,1.248e-05,0.0015037,0.0008609,8.429e-05,0.033542,0.008908,0.001701,0.002791,0.008908
338,3.909e-05,8.654e-05,1.245e-05,0.0015039,0.000858,8.314e-05,0.033499,0.00891,0.0017,0.002795,0.00891
339,3.928e-05,8.66e-05,1.25e-05,0.0015055,0.00086,8.357e-05,0.033528,0.008908,0.001699,0.002804,0.008908
340,3.931e-05,8.7e-05,1.254e-05,0.0015093,0.0008681,8.326e-05,0.033681,0.008944,0.001702,0.002802,0.008944
341,3.928e-05,8.745e-05,1.266e-05,0.00151,0.0008679,8.369e-05,0.033919,0.008951,0.001714,0.002813,0.008951
342,3.917e-05,8.749e-05,1.262e-05,0.0015105,0.0008659,8.321e-05,0.033791,0.008978,0.001709,0.002815,0.008978
343,3.919e-05,8.7e-05,1.259e-05,0.0015067,0.0008618,8.291e-05,0.033858,0.008966,0.001709,0.00281,0.008966
344,3.912e-05,8.745e-05,1.261e-05,0.0015061,0.0008615,8.287e-05,0.033773,0.008951,0.001708,0.002823,0.008951
345,3.894e-05,8.712e-05,1.258e-05,0.0015062,0.0008588,8.065e-05,0.033737,0.008956,0.001711,0.002826,0.008956
346,3.885e-05,8.666e-05,1.249e-05,0.0015072,0.0008609,8.11e-05,0.03366,0.00893,0.001709,0.002837,0.00893
347,3.869e-05,8.702e-05,1.25e-05,0.0015067,0.0008612,8.014e-05,0.033624,0.00896,0.001714,0.002845,0.00896
348,3.871e-05,8.674e-05,1.245e-05,0.001503,0.0008619,7.984e-05,0.033497,0.008946,0.001707,0.002827,0.008946
349,3.865e-05,8.72e-05,1.248e-05,0.0015038,0.0008626,8.08e-05,0.033564,0.00896,0.001709,0.002822,0.00896
350,3.871e-05,8.729e-05,1.253e-05,0.0015054,0.0008609,8.21e-05,0.033625,0.008971,0.001707,0.002819,0.008971
351,3.881e-05,8.753e-05,1.256e-05,0.0015058,0.000863,8.206e-05,0.033652,0.008996,0.001723,0.002817,0.008996
352,3.877e-05,8.758e-05,1.255e-05,0.001506,0.0008644,8.176e-05,0.033681,0.009003,0.001732,0.002813,0.009003
353,3.868e-05,8.734e-05,1.253e-05,0.001506,0.0008653,8.112e-05,0.033749,0.009013,0.001723,0.00282,0.009013
354,3.871e-05,8.727e-05,1.252e-05,0.001506,0.000863,8.108e-05,0.033659,0.00901,0.001716,0.002812,0.00901
355,3.863e-05,8.685e-05,1.251e-05,0.0015064,0.0008637,8.073e-05,0.033665,0.009006,0.001716,0.002805,0.009006
356,3.853e-05,8.702e-05,1.251e-05,0.0015063,0.0008626,8.11e-05,0.033712,0.00904,0.00172,0.00281,0.00904
357,3.851e-05,8.67e-05,1.25e-05,0.0015037,0.0008594,8.097e-05,0.033669,0.009017,0.001716,0.002802,0.009017
358,3.853e-05,8.669e-05,1.248e-05,0.0015048,0.0008606,8.114e-05,0.03371,0.009013,0.001715,0.002811,0.009013
359,3.855e-05,8.672e-05,1.253e-05,0.0015072,0.0008626,8.132e-05,0.033812,0.009019,0.001713,0.002815,0.009019
360,3.853e-05,8.687e-05,1.254e-05,0.0015033,0.0008629,8.112e-05,0.033724,0.009005,0.001715,0.002801,0.009005
361,3.853e-05,8.679e-05,1.255e-05,0.0015033,0.0008618,8.113e-05,0.033691,0.008993,0.001714,0.002795,0.008993
362,3.855e-05,8.696e-05,1.253e-05,0.0015014,0.0008623,8.1e-05,0.033685,0.009018,0.001715,0.002799,0.009018
363,3.854e-05,8.697e-05,1.255e-05,0.0015025,0.0008621,8.104e-05,0.033664,0.009027,0.001714,0.0028,0.009027
364,3.856e-05,8.698e-05,1.254e-05,0.0015029,0.0008614,8.098e-05,0.033678,0.009021,0.001715,0.002806,0.009021
365,3.865e-05,8.708e-05,1.257e-05,0.0015059,0.000864,8.209e-05,0.03377,0.009048,0.001715,0.002816,0.009048
366,3.857e-05,8.709e-05,1.256e-05,0.0015054,0.0008612,8.2e-05,0.033745,0.009041,0.001714,0.002806,0.009041
367,3.859e-05,8.727e-05,1.256e-05,0.001506,0.0008623,8.226e-05,0.033717,0.009048,0.001714,0.002811,0.009048
368,3.856e-05,8.727e-05,1.253e-05,0.001504,0.0008623,8.294e-05,0.033756,0.00905,0.001713,0.002821,0.00905
369,3.872e-05,8.686e-05,1.259e-05,0.0015065,0.0008651,8.26e-05,0.033856,0.009075,0.001713,0.002827,0.009075
370,3.861e-05,8.698e-05,1.256e-05,0.0015013,0.0008632,8.267e-05,0.03382,0.009066,0.001713,0.002824,0.009066
371,3.867e-05,8.667e-05,1.253e-05,0.0015015,0.0008631,8.214e-05,0.033699,0.009078,0.001713,0.002815,0.009078
372,3.876e-05,8.69e-05,1.252e-05,0.0014996,0.0008662,8.242e-05,0.03372,0.009069,0.001714,0.002818,0.009069
373,3.87e-05,8.676e-05,1.251e-05,0.0015016,0.000865,8.222e-05,0.033684,0.009119,0.001716,0.00282,0.009119
374,3.874e-05,8.713e-05,1.254e-05,0.0015012,0.0008658,8.182e-05,0.033702,0.009116,0.001716,0.002821,0.009116
375,3.881e-05,8.714e-05,1.256e-05,0.0015016,0.0008692,8.189e-05,0.033763,0.009146,0.001715,0.002823,0.009146
376,3.87e-05,8.709e-05,1.257e-05,0.0014998,0.0008675,8.205e-05,0.033718,0.009151,0.001715,0.00283,0.009151
377,3.876e-05,8.676e-05,1.26e-05,0.0015019,0.0008772,8.205e-05,0.033737,0.00915,0.001716,0.002828,0.00915
378,3.858e-05,8.682e-05,1.255e-05,0.0015004,0.000875,8.187e-05,0.033664,0.009093,0.001718,0.00282,0.009093
379,3.87e-05,8.715e-05,1.257e-05,0.0015022,0.0008767,8.184e-05,0.033735,0.00907,0.001714,0.002823,0.00907
380,3.863e-05,8.707e-05,1.254e-05,0.0014998,0.0008725,8.162e-05,0.033656,0.009015,0.001707,0.002808,0.009015
381,3.848e-05,8.699e-05,1.251e-05,0.0014998,0.0008724,8.155e-05,0.033635,0.009039,0.001704,0.00281,0.009039
382,3.857e-05,8.7e-05,1.252e-05,0.0014985,0.0008688,8.14e-05,0.033621,0.009048,0.001702,0.00281,0.009048
383,3.814e-05,8.606e-05,1.243e-05,0.0014954,0.0008641,8.082e-05,0.033445,0.008995,0.001703,0.002799,0.008995
384,3.814e-05,8.621e-05,1.246e-05,0.0014953,0.0008654,8.125e-05,0.03337,0.00899,0.001701,0.002788,0.00899
385,3.804e-05,8.61e-05,1.244e-05,0.001493,0.0008647,8.13e-05,0.033446,0.008993,0.001702,0.0028,0.008993
386,3.809e-05,8.616e-05,1.243e-05,0.0014952,0.0008651,8.19e-05,0.033419,0.009009,0.001705,0.002794,0.009009
387,3.809e-05,8.603e-05,1.242e-05,0.0014956,0.0008629,8.175e-05,0.033378,0.008985,0.001702,0.002788,0.008985
388,3.806e-05,8.611e-05,1.238e-05,0.0014955,0.000864,8.189e-05,0.033399,0.009003,0.001702,0.002788,0.009003
389,3.812e-05,8.622e-05,1.242e-05,0.0014949,0.0008636,8.184e-05,0.033399,0.009,0.001705,0.002791,0.009
390,3.809e-05,8.62e-05,1.24e-05,0.0014942,0.0008646,8.19e-05,0.033453,0.009004,0.001704,0.00279,0.009004
391,3.821e-05,8.609e-05,1.241e-05,0.0014943,0.0008627,8.269e-05,0.033499,0.009008,0.001707,0.002796,0.009008
392,3.823e-05,8.644e-05,1.245e-05,0.0014961,0.0008634,8.267e-05,0.033519,0.009017,0.001708,0.002799,0.009017
393,3.823e-05,8.62e-05,1.246e-05,0.0014954,0.0008643,8.252e-05,0.033546,0.009007,0.001706,0.002796,0.009007
394,3.819e-05,8.608e-05,1.243e-05,0.0014933,0.0008603,8.2e-05,0.03345,0.009,0.001708,0.002793,0.009
395,3.818e-05,8.6e-05,1.237e-05,0.0014932,0.0008611,8.167e-05,0.033409,0.009017,0.001707,0.002786,0.009017
396,3.83e-05,8.619e-05,1.239e-05,0.0014985,0.0008615,8.186e-05,0.033466,0.009029,0.001707,0.002791,0.009029
397,3.831e-05,8.644e-05,1.238e-05,0.0015012,0.0008624,8.162e-05,0.033463,0.00901,0.001708,0.002795,0.00901
398,3.827e-05,8.641e-05,1.239e-05,0.0014973,0.0008614,8.157e-05,0.03345,0.008993,0.001705,0.002787,0.008993
399,3.833e-05,8.679e-05,1.239e-05,0.0014992,0.0008642,8.19e-05,0.033599,0.009011,0.001707,0.002799,0.009011
400,3.829e-05,8.653e-05,1.246e-05,0.0014974,0.0008673,8.193e-05,0.033605,0.009012,0.001707,0.002802,0.009012
401,3.836e-05,8.69e-05,1.249e-05,0.0015011,0.0008691,8.239e-05,0.033679,0.009015,0.001708,0.002804,0.009015
402,3.83e-05,8.678e-05,1.248e-05,0.0015019,0.0008671,8.235e-05,0.033681,0.009004,0.001707,0.002801,0.009004
403,3.822e-05,8.661e-05,1.246e-05,0.001502,0.0008661,8.232e-05,0.033647,0.009022,0.001707,0.0028,0.009022
404,3.831e-05,8.681e-05,1.25e-05,0.0015023,0.0008663,8.194e-05,0.0337,0.009007,0.001708,0.002805,0.009007
405,3.835e-05,8.695e-05,1.251e-05,0.0015045,0.0008677,8.182e-05,0.033735,0.009014,0.001714,0.002808,0.009014
406,3.837e-05,8.685e-05,1.251e-05,0.0015059,0.0008698,8.156e-05,0.033748,0.009028,0.001717,0.002809,0.009028
407,3.837e-05,8.685e-05,1.253e-05,0.0015046,0.0008723,8.123e-05,0.033784,0.009059,0.001719,0.002815,0.009059
408,3.819e-05,8.688e-05,1.252e-05,0.0015033,0.0008699,8.13e-05,0.033763,0.009051,0.001712,0.002812,0.009051
409,3.814e-05,8.676e-05,1.249e-05,0.0015017,0.0008684,8.082e-05,0.033666,0.009049,0.001712,0.002799,0.009049
410,3.812e-05,8.678e-05,1.246e-05,0.0015023,0.0008681,8.121e-05,0.033641,0.009051,0.001712,0.002803,0.009051
411,3.813e-05,8.655e-05,1.242e-05,0.001503,0.0008664,8.106e-05,0.033663,0.009035,0.00171,0.002806,0.009035
412,3.816e-05,8.652e-05,1.244e-05,0.0015041,0.0008668,8.076e-05,0.033583,0.009028,0.001706,0.002795,0.009028
413,3.816e-05,8.65e-05,1.241e-05,0.0014973,0.0008676,7.891e-05,0.033493,0.009005,0.001705,0.002794,0.009005
414,3.789e-05,8.642e-05,1.237e-05,0.0015,0.000863,7.911e-05,0.033455,0.00899,0.001697,0.002788,0.00899
415,3.775e-05,8.584e-05,1.224e-05,0.001494,0.0008599,7.834e-05,0.033294,0.00895,0.001694,0.002778,0.00895
416,3.764e-05,8.532e-05,1.219e-05,0.0014905,0.0008579,7.882e-05,0.033229,0.008925,0.001694,0.002768,0.008925
417,3.769e-05,8.558e-05,1.224e-05,0.0014911,0.0008606,7.87e-05,0.033241,0.008914,0.001697,0.002757,0.008914
418,3.769e-05,8.552e-05,1.222e-05,0.0014932,0.0008609,7.912e-05,0.033279,0.00892,0.001694,0.002764,0.00892
419,3.766e-05,8.527e-05,1.22e-05,0.0014935,0.0008594,7.882e-05,0.033253,0.008905,0.001693,0.00276,0.008905
420,3.763e-05,8.527e-05,1.216e-05,0.0014918,0.0008581,7.823e-05,0.033223,0.008903,0.00169,0.002754,0.008903
421,3.751e-05,8.53e-05,1.216e-05,0.0014908,0.0008583,7.748e-05,0.033175,0.0089,0.001691,0.002748,0.0089
422,3.758e-05,8.499e-05,1.214e-05,0.0014941,0.0008589,7.758e-05,0.033222,0.008899,0.001696,0.002745,0.008899
423,3.736e-05,8.515e-05,1.215e-05,0.0014915,0.000857,7.818e-05,0.033206,0.008927,0.001693,0.002746,0.008927
424,3.751e-05,8.511e-05,1.214e-05,0.0014918,0.000859,7.826e-05,0.033315,0.008921,0.001696,0.002744,0.008921
425,3.751e-05,8.513e-05,1.214e-05,0.001492,0.0008571,7.891e-05,0.033267,0.00892,0.001695,0.002756,0.00892
426,3.751e-05,8.529e-05,1.217e-05,0.0014915,0.000858,7.944e-05,0.03331,0.00892,0.001693,0.002754,0.00892
427,3.765e-05,8.524e-05,1.22e-05,0.001492,0.0008596,8.024e-05,0.03327,0.008924,0.001695,0.002763,0.008924
428,3.771e-05,8.547e-05,1.224e-05,0.0014938,0.0008589,8.081e-05,0.03333,0.008936,0.001694,0.002761,0.008936
429,3.777e-05,8.532e-05,1.222e-05,0.001493,0.0008603,8.03e-05,0.033341,0.008927,0.001697,0.002761,0.008927
430,3.78e-05,8.536e-05,1.226e-05,0.001493,0.0008598,8.099e-05,0.03333,0.008923,0.001699,0.002765,0.008923
431,3.78e-05,8.528e-05,1.228e-05,0.0014926,0.0008603,8.083e-05,0.033301,0.008858,0.001696,0.002754,0.008858
432,3.77e-05,8.538e-05,1.225e-05,0.0014991,0.0008571,8.04e-05,0.033215,0.008874,0.001698,0.002746,0.008874
433,3.773e-05,8.553e-05,1.224e-05,0.0014987,0.000858,8.047e-05,0.033181,0.008869,0.001698,0.002752,0.008869
434,3.774e-05,8.552e-05,1.225e-05,0.0015008,0.0008581,8.079e-05,0.033216,0.008872,0.001696,0.002753,0.008872
435,3.772e-05,8.55e-05,1.226e-05,0.0015032,0.000857,8.084e-05,0.033261,0.008862,0.001698,0.002753,0.008862
436,3.775e-05,8.551e-05,1.232e-05,0.0015043,0.0008594,8.099e-05,0.033298,0.00888,0.001702,0.002761,0.00888
437,3.784e-05,8.571e-05,1.229e-05,0.00151,0.0008611,8.061e-05,0.033285,0.00886,0.001704,0.002763,0.00886
438,3.778e-05,8.54e-05,1.227e-05,0.0015059,0.000861,8.016e-05,0.033271,0.00885,0.001696,0.002753,0.00885
439,3.789e-05,8.542e-05,1.227e-05,0.0015072,0.0008614,8.025e-05,0.033316,0.008872,0.001699,0.002755,0.008872
440,3.789e-05,8.535e-05,1.228e-05,0.0015075,0.0008604,8.007e-05,0.033318,0.008872,0.001699,0.002755,0.008872
441,3.77e-05,8.539e-05,1.223e-05,0.001505,0.0008594,7.949e-05,0.033261,0.008866,0.001698,0.002753,0.008866
442,3.765e-05,8.498e-05,1.224e-05,0.0015064,0.0008578,7.934e-05,0.033154,0.008852,0.001696,0.002753,0.008852
443,3.768e-05,8.494e-05,1.226e-05,0.0015022,0.0008585,8e-05,0.033134,0.008844,0.001695,0.002747,0.008844
444,3.757e-05,8.492e-05,1.227e-05,0.0015017,0.0008578,7.988e-05,0.033236,0.008865,0.001694,0.00275,0.008865
445,3.772e-05,8.518e-05,1.23e-05,0.0015021,0.0008611,8.066e-05,0.033311,0.008887,0.001694,0.002758,0.008887
446,3.783e-05,8.53e-05,1.239e-05,0.0015043,0.0008625,8.049e-05,0.033496,0.00892,0.001699,0.002773,0.00892
447,3.783e-05,8.534e-05,1.236e-05,0.0015031,0.0008643,8.079e-05,0.03346,0.008902,0.001702,0.002769,0.008902
448,3.797e-05,8.552e-05,1.238e-05,0.0015016,0.0008653,8.151e-05,0.03352,0.008913,0.001703,0.00277,0.008913
449,3.793e-05,8.54e-05,1.237e-05,0.0015018,0.0008649,8.133e-05,0.033473,0.008919,0.001703,0.002763,0.008919
450,3.795e-05,8.538e-05,1.235e-05,0.0015016,0.0008628,8.075e-05,0.033408,0.008913,0.001703,0.002765,0.008913
451,3.8e-05,8.552e-05,1.237e-05,0.0015024,0.0008699,8.13e-05,0.033514,0.008923,0.001701,0.002774,0.008923
452,3.791e-05,8.527e-05,1.237e-05,0.0015043,0.0008667,8.11e-05,0.033512,0.00896,0.001703,0.00277,0.00896
453,3.793e-05,8.527e-05,1.237e-05,0.001504,0.0008665,8.096e-05,0.033507,0.008952,0.001705,0.002767,0.008952
454,3.784e-05,8.557e-05,1.236e-05,0.0015047,0.0008659,8.129e-05,0.033539,0.00897,0.001704,0.002773,0.00897
455,3.802e-05,8.565e-05,1.239e-05,0.0015068,0.0008685,8.211e-05,0.033574,0.008976,0.001708,0.002779,0.008976
456,3.807e-05,8.576e-05,1.24e-05,0.001507,0.0008685,8.235e-05,0.033602,0.008976,0.001705,0.002777,0.008976
457,3.82e-05,8.564e-05,1.241e-05,0.0015069,0.0008697,8.278e-05,0.033626,0.009012,0.001708,0.002778,0.009012
458,3.813e-05,8.576e-05,1.238e-05,0.0015071,0.0008692,8.231e-05,0.033572,0.009,0.001706,0.002774,0.009
459,3.813e-05,8.571e-05,1.24e-05,0.0015062,0.0008678,8.228e-05,0.033522,0.009005,0.001704,0.002774,0.009005
460,3.817e-05,8.549e-05,1.239e-05,0.0015053,0.0008668,8.185e-05,0.033496,0.00901,0.001701,0.002774,0.00901
461,3.818e-05,8.571e-05,1.243e-05,0.0015066,0.0008673,8.225e-05,0.033518,0.009012,0.001701,0.002783,0.009012
462,3.818e-05,8.58e-05,1.243e-05,0.0015064,0.0008676,8.224e-05,0.033487,0.009009,0.001703,0.002781,0.009009
463,3.812e-05,8.552e-05,1.24e-05,0.0015054,0.0008645,8.165e-05,0.033468,0.009,0.001702,0.002768,0.009
464,3.81e-05,8.561e-05,1.237e-05,0.0015026,0.0008664,8.166e-05,0.033423,0.008993,0.001703,0.00277,0.008993
465,3.807e-05,8.567e-05,1.237e-05,0.0015039,0.0008648,8.179e-05,0.033439,0.008995,0.001702,0.002771,0.008995
466,3.792e-05,8.544e-05,1.235e-05,0.0015044,0.000863,8.15e-05,0.033405,0.008983,0.001702,0.002764,0.008983
467,3.798e-05,8.563e-05,1.236e-05,0.0015034,0.000865,8.167e-05,0.03343,0.00899,0.001702,0.002764,0.00899
468,3.798e-05,8.563e-05,1.236e-05,0.0015042,0.0008653,8.186e-05,0.033448,0.008984,0.001703,0.002765,0.008984
469,3.797e-05,8.575e-05,1.237e-05,0.0015064,0.0008673,8.192e-05,0.033504,0.008988,0.001702,0.002775,0.008988
470,3.801e-05,8.567e-05,1.235e-05,0.0015042,0.0008658,8.146e-05,0.033522,0.008977,0.001702,0.002766,0.008977
471,3.794e-05,8.564e-05,1.235e-05,0.0015028,0.0008656,8.13e-05,0.033503,0.008981,0.001703,0.002768,0.008981
472,3.806e-05,8.523e-05,1.236e-05,0.0015039,0.0008655,8.148e-05,0.033509,0.00899,0.001702,0.002762,0.00899
473,3.806e-05,8.576e-05,1.236e-05,0.0015021,0.0008649,8.17e-05,0.033529,0.009014,0.001703,0.002767,0.009014
474,3.812e-05,8.568e-05,1.238e-05,0.0015036,0.0008652,8.185e-05,0.03354,0.008995,0.001704,0.002778,0.008995
475,3.812e-05,8.557e-05,1.239e-05,0.0015045,0.000865,8.198e-05,0.033547,0.008992,0.001707,0.002777,0.008992
476,3.808e-05,8.561e-05,1.236e-05,0.0015031,0.0008641,8.183e-05,0.0335,0.008995,0.001706,0.002778,0.008995
477,3.809e-05,8.564e-05,1.237e-05,0.0015036,0.0008646,8.208e-05,0.033517,0.009009,0.001705,0.002783,0.009009
478,3.808e-05,8.563e-05,1.239e-05,0.0015044,0.0008638,8.2e-05,0.033539,0.008993,0.001705,0.002782,0.008993
479,3.808e-05,8.552e-05,1.241e-05,0.0015043,0.0008643,8.16e-05,0.03355,0.009005,0.001703,0.002781,0.009005
480,3.807e-05,8.559e-05,1.238e-05,0.0015029,0.0008643,8.177e-05,0.033452,0.008984,0.001705,0.002776,0.008984
481,3.804e-05,8.549e-05,1.24e-05,0.001502,0.0008629,8.166e-05,0.033419,0.008991,0.001707,0.002778,0.008991
482,3.803e-05,8.552e-05,1.242e-05,0.0015033,0.0008633,8.18e-05,0.033456,0.008988,0.001704,0.00278,0.008988
483,3.797e-05,8.561e-05,1.239e-05,0.0015031,0.0008631,8.174e-05,0.033455,0.00898,0.001703,0.002778,0.00898
484,3.802e-05,8.565e-05,1.242e-05,0.0015039,0.0008639,8.221e-05,0.0335,0.008986,0.001703,0.002776,0.008986
485,3.804e-05,8.571e-05,1.243e-05,0.0015044,0.000864,8.196e-05,0.033519,0.008976,0.001704,0.002779,0.008976
486,3.816e-05,8.612e-05,1.241e-05,0.0015045,0.0008634,8.202e-05,0.033509,0.008978,0.001703,0.002777,0.008978
487,3.82e-05,8.604e-05,1.239e-05,0.0015049,0.0008626,8.195e-05,0.033494,0.008968,0.001705,0.002776,0.008968
488,3.816e-05,8.588e-05,1.241e-05,0.0015053,0.0008633,8.186e-05,0.033497,0.008997,0.001708,0.002777,0.008997
489,3.82e-05,8.584e-05,1.241e-05,0.001505,0.0008646,8.187e-05,0.033498,0.008989,0.001709,0.002778,0.008989
490,3.816e-05,8.584e-05,1.242e-05,0.0015055,0.0008644,8.208e-05,0.033472,0.008973,0.001709,0.002779,0.008973
491,3.815e-05,8.601e-05,1.243e-05,0.0015089,0.0008636,8.202e-05,0.03346,0.008995,0.001705,0.002777,0.008995
492,3.824e-05,8.573e-05,1.242e-05,0.0015082,0.0008615,8.179e-05,0.033452,0.00897,0.001706,0.002769,0.00897
493,3.822e-05,8.585e-05,1.239e-05,0.0015082,0.0008622,8.135e-05,0.033465,0.008965,0.001706,0.002767,0.008965
494,3.817e-05,8.551e-05,1.241e-05,0.0015069,0.000862,8.123e-05,0.033448,0.008961,0.001705,0.002766,0.008961
495,3.835e-05,8.55e-05,1.239e-05,0.0015055,0.0008591,8.042e-05,0.033389,0.008955,0.001705,0.002753,0.008955
496,3.844e-05,8.567e-05,1.237e-05,0.0015068,0.000857,8.064e-05,0.033395,0.008952,0.001704,0.002765,0.008952
497,3.873e-05,8.567e-05,1.23e-05,0.0015033,0.0008591,8.086e-05,0.033376,0.008936,0.001701,0.002763,0.008936
498,3.883e-05,8.56e-05,1.232e-05,0.0015037,0.000859,8.04e-05,0.03338,0.008948,0.001702,0.002762,0.008948
499,3.871e-05,8.565e-05,1.23e-05,0.0015033,0.0008584,7.991e-05,0.033348,0.008946,0.001702,0.002761,0.008946
